# seed=7001
# generator_version=0.1.0
NAME : mock_small_loose
CUSTOMERS : 220
DEPOTS : 11
VEHICLE_CAPACITY : 50
ROUTE_FIXED_COST : 12.00
DISTANCE_FORMAT : COORDS
DEPOT_SECTION
1 109.555958 460.439491 755.56 533 10
2 658.431854 426.738547 668.69 504 10
3 452.129843 677.448208 789.62 474 11
4 347.919383 666.481593 582.13 538 10
5 110.173431 622.484811 845.93 498 11
6 614.346442 336.536151 578.52 540 11
7 691.040558 207.695580 815.90 481 10
8 812.447075 556.784052 508.01 517 9
9 591.363443 459.161931 941.27 469 9
10 185.367291 393.930366 609.56 516 10
11 555.437356 701.747841 668.02 505 11
CUSTOMER_SECTION
12 771.427291 738.840013 13
13 620.459743 576.382152 8
14 186.485457 361.762479 3
15 171.200946 136.436092 18
16 884.791203 87.812054 11
17 347.918183 596.293543 10
18 629.781671 758.578635 2
19 542.899811 968.076077 12
20 785.064921 505.634201 5
21 846.550736 332.857621 2
22 829.712661 11.341925 20
23 81.020434 933.712415 12
24 376.155490 565.594341 16
25 860.574786 754.711010 14
26 343.105100 931.902563 7
27 318.605033 134.175698 18
28 413.271167 953.311313 4
29 156.102176 276.352833 9
30 338.779533 628.413750 13
31 622.077752 118.624430 12
32 227.057715 266.381148 14
33 116.527954 413.488833 17
34 739.953996 91.011223 5
35 469.101914 100.693402 4
36 484.926488 94.530187 17
37 540.359665 514.104731 16
38 420.769488 430.749565 17
39 445.314194 131.466616 2
40 668.658768 995.537218 20
41 378.161574 496.214620 15
42 953.203132 538.779256 9
43 465.460813 541.116785 4
44 483.399328 887.469464 2
45 998.025997 873.010587 10
46 215.149295 556.934315 8
47 259.354299 709.237016 1
48 491.907906 845.223906 20
49 356.276927 96.082483 6
50 183.487385 258.497869 18
51 966.102370 647.201800 9
52 568.425844 892.261382 18
53 328.053083 630.613824 18
54 960.084115 863.647055 18
55 559.228336 688.359011 13
56 975.306726 972.702254 8
57 176.516539 189.943639 8
58 576.784985 54.349187 19
59 662.709194 395.672447 15
60 267.695554 226.457627 15
61 142.597239 314.549191 20
62 979.335214 588.038368 19
63 115.407146 547.202682 15
64 346.988321 327.764678 8
65 384.082863 43.964302 2
66 452.312690 829.428209 10
67 636.146213 559.724698 1
68 748.073870 295.492093 1
69 515.849991 979.895146 20
70 277.227311 73.692631 7
71 807.563994 461.590520 5
72 954.589086 585.466051 11
73 290.689236 176.106362 17
74 498.011718 74.022467 8
75 721.650557 888.927880 9
76 362.589757 247.344138 1
77 316.571685 728.912799 6
78 642.266712 453.687896 4
79 731.743543 677.171683 8
80 671.336397 579.105375 7
81 653.249930 125.006169 19
82 396.641554 224.324302 2
83 352.213979 508.230904 12
84 384.607312 324.787568 15
85 240.666850 965.961108 17
86 951.232246 677.349155 5
87 633.967899 967.952996 18
88 874.276320 828.950610 7
89 339.737394 241.550406 5
90 56.561218 577.553530 7
91 423.132974 310.254524 10
92 383.768604 12.135467 20
93 886.833691 323.032448 14
94 684.927284 567.822679 19
95 514.993765 289.746962 9
96 76.210672 579.770702 12
97 555.503700 513.522036 17
98 1.686591 227.224934 5
99 908.445403 570.643094 9
100 866.343587 722.981408 6
101 25.268318 4.333536 11
102 186.775550 813.862201 14
103 788.976677 353.563192 7
104 373.548403 607.311045 13
105 713.737170 952.172018 17
106 414.107981 521.688920 8
107 91.557011 355.175616 1
108 142.117849 825.621365 3
109 106.480003 724.023817 16
110 327.462372 87.544718 7
111 587.762237 171.556534 11
112 429.719370 38.783939 9
113 294.339876 290.915080 8
114 304.110017 847.390725 7
115 839.998860 35.527327 8
116 164.662549 999.201515 2
117 547.328614 417.157409 7
118 866.600129 422.545975 10
119 560.306621 101.346370 11
120 594.185292 219.801346 18
121 328.687034 520.763826 9
122 124.230144 380.163472 18
123 909.909671 677.860431 20
124 231.602262 807.844557 2
125 34.139843 161.707197 4
126 641.678646 61.492835 6
127 832.327524 991.937463 1
128 372.479491 667.323969 6
129 717.902046 300.044451 18
130 99.203621 450.805852 15
131 147.267535 450.332720 8
132 226.299753 115.338804 19
133 286.812473 275.161306 7
134 390.464774 340.292204 8
135 671.716773 936.109529 3
136 624.006916 704.559909 9
137 446.253546 116.674982 12
138 21.854677 897.502036 18
139 872.073658 646.161736 4
140 787.501357 556.876702 13
141 552.028946 664.848292 13
142 804.982560 488.598285 6
143 145.131994 777.335064 13
144 862.482818 329.706043 15
145 580.465559 50.329951 13
146 718.576822 338.550224 10
147 566.378333 604.493713 4
148 430.458909 333.369128 4
149 367.817370 71.933499 8
150 9.816763 770.476768 13
151 132.149867 943.346815 12
152 387.871985 538.931677 17
153 155.136726 860.111666 1
154 4.797362 197.719896 2
155 762.383779 274.002929 7
156 654.066011 496.884385 2
157 656.301282 614.209723 11
158 552.467096 897.463409 14
159 858.503249 395.968301 3
160 626.452433 316.334388 15
161 882.814849 988.552195 1
162 525.654952 947.211307 7
163 561.857838 770.715028 16
164 777.011917 501.289518 1
165 169.406267 1.360097 10
166 851.056239 311.769315 17
167 486.903243 733.654509 16
168 950.821914 752.769507 18
169 409.122734 457.957539 5
170 487.690738 827.906074 9
171 565.984442 615.611351 2
172 439.168844 996.703632 12
173 709.111625 670.115888 12
174 687.859966 337.900725 17
175 234.240933 585.875452 20
176 92.959808 540.673269 18
177 380.165274 974.337737 10
178 265.794391 352.931303 12
179 626.982480 453.897721 13
180 924.182617 899.817540 1
181 858.746576 664.920875 8
182 551.829471 673.125895 16
183 123.446917 331.772736 9
184 138.419992 340.901819 2
185 554.878195 701.876897 1
186 536.540590 538.666101 7
187 438.460038 882.658373 12
188 23.128420 872.512719 8
189 915.425411 921.598465 11
190 523.764909 239.944418 5
191 751.869501 949.938890 10
192 415.162808 92.964286 19
193 304.745352 987.588788 16
194 229.024898 716.842857 13
195 701.376663 895.870904 6
196 768.107040 132.903766 10
197 800.934653 389.607071 6
198 257.198612 687.547050 10
199 684.240813 631.182345 8
200 421.470308 204.290455 2
201 772.784426 86.909144 2
202 320.343667 490.485624 10
203 454.127011 556.677762 7
204 667.073763 937.576539 7
205 14.703213 3.886673 16
206 907.763888 437.439882 5
207 387.740641 376.779454 7
208 704.915616 369.317966 12
209 2.189748 694.748057 10
210 112.164132 476.239991 2
211 289.032635 890.381777 4
212 40.606850 297.628011 5
213 794.867160 717.234208 7
214 508.131329 110.717589 4
215 401.271044 536.578246 20
216 562.557556 837.485745 17
217 340.286814 951.029837 3
218 743.241224 619.969965 15
219 958.521419 773.407430 9
220 661.331290 120.895235 7
221 429.865829 193.362090 3
222 223.485496 311.773821 9
223 540.725885 51.607859 17
224 962.953366 751.110011 9
225 632.747193 501.309879 20
226 675.450391 641.537098 19
227 41.580796 638.985139 12
228 988.036586 286.030314 11
229 931.343346 943.167596 14
230 376.121942 321.769919 17
231 974.463611 923.951806 1
EOF
