# seed=7002
# generator_version=0.1.0
NAME : mock_small_loose_clustered
CUSTOMERS : 240
DEPOTS : 12
VEHICLE_CAPACITY : 55
ROUTE_FIXED_COST : 14.00
DISTANCE_FORMAT : COORDS
DEPOT_SECTION
1 204.088807 236.990817 999.56 272 5
2 381.579563 251.174164 716.50 1 1
3 614.757209 243.857517 372.49 1 1
4 784.790883 233.247646 1182.60 1 1
5 184.437590 480.035995 619.92 1345 25
6 407.392123 509.706746 890.45 116 3
7 584.017123 487.314723 815.17 578 11
8 796.935498 497.299888 731.14 5 1
9 195.031491 744.946264 400.72 1374 25
10 419.903130 752.081470 520.68 427 8
11 603.706812 738.877099 933.64 1500 28
12 803.898535 749.477281 305.98 1392 26
CUSTOMER_SECTION
13 201.901551 809.609763 4
14 205.820818 709.613874 40
15 1000.000000 895.138628 5
16 183.006746 638.859540 1
17 794.235393 952.175220 2
18 500.352341 652.753977 47
19 207.142716 896.910538 2
20 580.458206 673.264833 24
21 137.460406 390.309569 1
22 156.521741 775.373363 3
23 909.541970 838.025343 4
24 553.472687 716.457235 1
25 0.000000 412.895173 1
26 529.161094 720.434546 4
27 137.609354 463.890598 34
28 33.079790 700.851479 4
29 623.498661 591.299513 5
30 235.845898 754.830793 25
31 61.525527 432.785892 44
32 19.883910 308.624242 5
33 562.660898 724.893215 4
34 565.663943 646.801325 4
35 0.000000 399.786167 1
36 65.459702 332.278028 2
37 319.625349 751.577860 3
38 0.000000 639.513156 2
39 87.859255 653.848064 5
40 120.462493 483.489241 3
41 1000.000000 907.851401 31
42 565.732728 728.498256 41
43 1000.000000 884.212300 29
44 138.542696 554.401675 29
45 980.335663 811.291707 1
46 482.588040 758.412307 5
47 59.557357 731.341988 5
48 194.763378 385.738415 33
49 121.217109 801.913104 3
50 590.884478 513.572027 5
51 153.512813 799.396376 22
52 877.133932 881.880177 5
53 532.333888 559.683470 1
54 0.000000 449.619839 30
55 553.222844 667.202702 5
56 113.465226 616.051647 4
57 275.096641 784.900945 41
58 1000.000000 796.140017 3
59 1000.000000 934.319797 4
60 114.878050 614.506979 5
61 1000.000000 797.678893 23
62 994.581120 855.758770 3
63 429.941757 593.389040 3
64 586.531757 699.921121 36
65 514.494982 760.770419 3
66 443.873807 653.485419 2
67 571.641345 552.089257 27
68 120.454781 663.172699 48
69 173.562525 652.398469 1
70 36.282283 380.493191 37
71 421.750344 712.074612 28
72 0.000000 368.324785 25
73 187.422020 588.037129 3
74 550.718463 471.060116 50
75 40.120990 415.302076 4
76 589.355050 750.994833 5
77 98.083449 403.877586 1
78 216.377668 312.944901 4
79 515.159139 683.100866 4
80 187.296651 549.563290 31
81 0.000000 527.750223 4
82 53.036073 414.694598 1
83 932.000993 857.079438 2
84 87.297946 737.950103 35
85 553.470686 474.630665 2
86 182.253799 644.847365 33
87 75.402139 433.364515 1
88 1000.000000 857.344397 2
89 949.564242 877.728480 2
90 1000.000000 863.548630 3
91 601.469485 750.291390 5
92 158.844752 596.294077 2
93 338.348198 968.392122 4
94 155.252986 729.384790 4
95 41.237810 656.442584 5
96 1000.000000 699.987205 20
97 990.450690 901.553583 3
98 522.405850 695.831059 37
99 417.093675 525.196914 40
100 29.109668 702.307905 5
101 390.053001 701.229070 2
102 585.691766 504.021142 3
103 596.151514 874.750458 4
104 602.288836 568.871582 2
105 979.217738 735.466100 5
106 254.305191 786.506428 1
107 265.476167 777.063096 1
108 278.919670 679.886435 5
109 521.672017 625.555043 38
110 172.546306 662.348264 3
111 105.716281 378.543359 1
112 282.959626 617.189744 26
113 935.588794 949.668774 1
114 173.164630 830.372346 1
115 197.580660 433.883261 24
116 589.334459 527.490536 47
117 597.650045 754.722143 1
118 519.417788 687.353197 4
119 207.238917 324.165970 2
120 146.599653 354.187090 5
121 1000.000000 900.856438 5
122 553.142274 599.136589 2
123 1000.000000 928.367508 2
124 487.567888 735.840338 2
125 47.750577 585.334513 5
126 178.706312 777.349602 44
127 886.143388 887.985327 34
128 431.235401 976.158636 5
129 994.015626 804.890390 3
130 575.804369 540.660915 3
131 252.052060 291.516054 1
132 1000.000000 792.172586 3
133 543.519544 711.399941 1
134 425.923826 775.938624 1
135 1000.000000 802.515015 3
136 1000.000000 893.162557 4
137 92.793383 651.234361 21
138 535.960200 635.441429 1
139 30.490323 589.133677 4
140 502.804656 789.581485 3
141 299.809784 853.325234 3
142 567.974096 631.596067 1
143 512.386899 881.798989 5
144 0.000000 685.423669 5
145 1000.000000 898.914869 49
146 117.125973 441.273117 36
147 403.960219 842.530439 2
148 554.369039 712.291417 4
149 912.173417 721.402106 3
150 0.000000 795.710818 23
151 558.583704 621.010400 5
152 974.674059 927.132928 28
153 81.866165 367.466300 2
154 642.799777 645.036741 5
155 448.226304 738.675296 4
156 1000.000000 976.500163 1
157 581.663537 708.928024 25
158 24.853883 777.681387 3
159 1000.000000 814.978474 3
160 613.026644 651.669585 30
161 371.293913 687.729869 4
162 486.048550 729.213736 3
163 0.000000 408.630773 2
164 618.831375 631.776446 2
165 581.958448 623.334117 4
166 954.062075 626.576566 49
167 541.807965 721.409671 45
168 571.436843 690.892928 3
169 485.800871 675.951506 3
170 97.608767 636.456213 1
171 58.768125 336.636064 2
172 62.818693 767.979093 1
173 99.923978 722.070021 5
174 934.187534 766.298152 5
175 160.404491 728.791128 42
176 142.809953 488.168895 4
177 658.505558 596.978943 33
178 549.629616 839.636145 28
179 1000.000000 975.965022 4
180 488.889659 606.858456 4
181 108.719376 702.307313 2
182 1000.000000 887.479051 2
183 36.246782 727.078907 2
184 48.958525 494.622705 1
185 131.392735 668.795074 1
186 166.108710 802.944689 1
187 116.223715 728.924692 1
188 550.390835 550.384240 4
189 491.740259 703.684670 22
190 564.860114 481.156680 30
191 541.447628 756.127432 2
192 666.036880 545.878258 41
193 183.205953 355.313283 5
194 558.948470 731.659145 4
195 459.565350 723.275971 3
196 124.999940 645.591573 47
197 39.642835 764.290700 2
198 985.615862 937.553474 38
199 968.318534 895.668523 1
200 112.594540 451.871153 49
201 494.209552 620.586534 4
202 1000.000000 818.721037 50
203 201.274653 711.037270 1
204 522.674176 682.981965 4
205 99.177415 759.618393 24
206 16.615613 617.385759 4
207 185.019032 745.512814 2
208 580.095671 563.225013 4
209 560.011254 681.907269 2
210 956.478039 864.433992 48
211 609.172933 674.497737 38
212 865.355069 870.575255 2
213 625.595915 753.781170 46
214 39.573714 802.707818 3
215 595.600935 681.293896 4
216 558.325997 645.888338 4
217 931.869655 834.925694 4
218 509.363563 717.924202 3
219 138.209198 364.335053 4
220 1000.000000 879.984152 5
221 85.446377 594.078309 42
222 563.510205 604.182953 1
223 239.318340 602.662428 38
224 0.000000 763.752303 2
225 965.612971 821.304656 42
226 93.042485 423.483306 49
227 147.027287 776.880929 5
228 563.408812 765.517361 31
229 675.985940 744.456206 43
230 480.544686 611.801314 1
231 574.752857 674.850243 30
232 893.979792 749.617709 47
233 547.510255 778.639461 20
234 0.000000 328.123697 48
235 166.968692 839.866617 4
236 1000.000000 809.191123 39
237 162.214496 792.646651 2
238 577.173769 682.284956 3
239 709.116419 534.573728 2
240 122.736872 268.127161 48
241 0.000000 385.758636 4
242 642.310150 696.748790 43
243 217.729956 660.605676 3
244 179.316932 696.057505 1
245 488.720091 755.710584 40
246 682.890133 627.330311 4
247 614.914731 621.126396 23
248 156.245756 423.059318 45
249 11.070333 388.570389 1
250 0.000000 700.024193 38
251 478.086978 716.220590 1
252 833.281699 1000.000000 4
EOF
