# seed=7006
# generator_version=0.1.0
NAME : mock_small_asym_vehicle_binding
CUSTOMERS : 340
DEPOTS : 14
VEHICLE_CAPACITY : 50
ROUTE_FIXED_COST : 24.00
DISTANCE_FORMAT : COORDS
DEPOT_SECTION
1 210.190447 213.487537 634.91 835 7
2 390.226885 218.758092 643.12 698 6
3 585.857798 186.095057 1293.56 783 7
4 780.574181 197.953320 1337.90 928 8
5 195.092897 401.140272 1472.52 413 4
6 400.625382 399.839370 1105.60 370 4
7 618.427471 409.618071 428.52 398 4
8 809.833207 401.350516 753.17 628 6
9 199.952794 595.260906 502.32 495 5
10 401.591339 613.508627 527.56 358 3
11 597.734672 594.612386 981.39 670 6
12 815.656207 596.265658 1074.11 1043 9
13 196.632999 801.940852 727.28 683 6
14 387.446823 802.338641 729.94 705 6
CUSTOMER_SECTION
15 339.691519 705.662108 20
16 81.321345 835.144391 1
17 149.268100 10.677306 15
18 74.036948 381.360857 3
19 193.613052 649.851305 17
20 396.997086 768.922983 11
21 722.208055 261.055013 11
22 856.472010 405.892544 7
23 310.096255 25.607639 3
24 497.511615 164.949484 14
25 170.296130 119.779408 17
26 108.562138 767.174066 18
27 999.592732 76.938644 17
28 912.445716 809.476709 10
29 504.481592 423.981062 17
30 282.333319 197.639975 10
31 473.435176 559.477213 14
32 955.541862 813.797941 8
33 365.706274 28.872520 10
34 169.974402 180.979309 10
35 120.208890 220.127261 12
36 583.589070 13.254227 8
37 509.112688 216.625608 1
38 815.150421 245.125706 15
39 900.320611 964.673891 3
40 72.653553 757.057271 4
41 694.784954 497.498132 5
42 483.729770 431.460085 7
43 957.664243 389.823725 9
44 419.839555 130.051119 1
45 531.253727 753.295943 3
46 381.708878 36.653918 16
47 759.367364 133.573488 16
48 190.550640 344.566357 13
49 692.026478 406.734082 14
50 77.523941 893.929624 4
51 713.537826 676.049058 16
52 284.678715 836.459615 19
53 837.677694 517.487947 13
54 921.437099 483.537468 15
55 779.272864 463.062736 4
56 157.575743 434.429064 7
57 593.865300 725.999169 8
58 345.273464 469.509251 6
59 406.051636 345.339544 13
60 245.787959 332.619367 17
61 297.108787 171.302203 17
62 871.889449 493.853304 16
63 644.703827 722.215964 20
64 474.692513 241.435799 13
65 189.209795 551.377252 17
66 698.124372 543.203791 15
67 678.227812 709.424693 16
68 622.009820 889.486132 7
69 697.676615 647.726509 9
70 876.310038 136.454522 10
71 208.161002 679.882171 14
72 545.466869 577.811228 19
73 692.888129 792.368598 14
74 55.228545 975.398822 10
75 278.815864 278.000624 4
76 255.378000 134.538320 8
77 208.117053 128.762182 1
78 413.077267 813.414285 4
79 22.890846 845.453836 18
80 710.402690 909.712920 2
81 560.747683 106.260400 9
82 100.711833 475.239144 9
83 610.369150 864.473175 9
84 945.666737 361.658127 17
85 323.933194 254.122927 14
86 559.711412 111.559409 8
87 874.871306 147.706138 20
88 45.484077 447.773698 13
89 967.047350 218.363114 15
90 654.743570 571.187854 16
91 642.210440 439.252449 12
92 207.369693 306.414983 15
93 464.448766 145.649744 13
94 107.105258 347.530440 4
95 352.983723 838.172217 19
96 219.475730 579.058781 11
97 174.146552 184.254303 7
98 824.864227 477.662673 20
99 675.104117 373.995919 14
100 790.805205 436.847311 19
101 233.827628 424.136776 1
102 64.096372 65.032437 12
103 230.606953 621.782195 14
104 261.709052 790.364367 10
105 290.786545 382.222586 20
106 864.066155 682.146019 12
107 107.694813 514.653473 4
108 792.246838 562.245367 10
109 587.009413 427.775662 6
110 988.564087 79.876518 13
111 404.831580 864.950624 8
112 941.602993 728.452898 1
113 518.498106 323.922914 14
114 307.051922 766.556536 3
115 668.753883 631.614502 13
116 126.377302 772.130298 8
117 966.961667 102.353147 14
118 324.725339 571.291731 7
119 9.653296 741.594272 7
120 878.070975 454.943507 14
121 989.239195 471.912523 12
122 420.444411 466.085549 17
123 453.157757 930.100624 19
124 485.921129 455.714618 7
125 233.306992 132.664111 10
126 24.870411 842.286913 15
127 773.952190 622.780630 10
128 583.583187 138.230904 16
129 345.806544 268.596188 12
130 518.105502 181.570452 6
131 814.511354 243.602552 16
132 929.460691 691.471005 16
133 475.041474 641.956706 15
134 761.139322 618.203252 9
135 473.972736 516.692837 4
136 415.096825 817.230897 2
137 675.764535 132.317636 1
138 628.787202 419.529383 18
139 793.841237 627.431688 8
140 597.701465 346.138502 12
141 710.872063 404.077165 5
142 809.027869 590.529636 15
143 547.650083 206.685732 20
144 530.576475 886.174296 17
145 27.863610 161.583977 6
146 743.396238 917.664361 17
147 508.005359 489.562584 4
148 804.240672 218.737797 6
149 334.386574 570.562233 10
150 820.250581 674.344734 5
151 273.688273 767.529118 12
152 667.907370 513.293965 16
153 28.004577 15.043615 18
154 157.020553 82.825578 20
155 977.306075 659.238969 18
156 735.483773 757.994509 10
157 637.868331 790.126818 13
158 855.497681 138.800113 20
159 287.455614 794.959632 1
160 352.469077 719.486141 6
161 97.618881 893.455766 1
162 374.686708 83.075728 12
163 301.531686 290.432668 18
164 812.895876 696.910924 12
165 770.747508 765.826826 3
166 510.202719 847.572266 14
167 619.781602 270.161098 3
168 749.232898 654.785914 2
169 503.600452 489.582603 17
170 60.884518 233.413543 7
171 16.498487 519.314570 5
172 426.654236 619.762955 12
173 465.765930 161.186258 20
174 333.160217 40.795674 14
175 357.014139 145.086982 15
176 607.322726 617.087232 5
177 720.288345 832.566125 6
178 307.437107 355.011098 6
179 737.031988 439.373220 8
180 826.197000 933.535008 10
181 459.626594 337.202090 16
182 27.626258 70.039524 3
183 192.522016 555.860267 5
184 652.988987 747.556520 5
185 930.479195 752.447382 11
186 973.569384 184.987677 19
187 428.976465 151.837732 10
188 577.586170 969.170609 2
189 390.278682 868.246656 10
190 681.572875 72.219998 4
191 466.139372 489.262644 7
192 999.335691 838.201967 3
193 760.153459 869.014390 16
194 283.381520 885.167199 14
195 45.607390 736.991878 1
196 49.788893 795.223185 11
197 563.727654 552.999938 5
198 852.884760 282.240473 5
199 928.901117 607.262890 13
200 928.172585 800.424878 1
201 976.720286 454.542401 18
202 913.541316 747.796455 7
203 320.334833 648.815454 16
204 180.046116 100.222768 17
205 526.481606 277.601953 15
206 405.553281 227.513490 4
207 464.164134 884.454331 7
208 4.520637 825.427963 9
209 203.098903 209.140333 5
210 154.238799 923.192995 20
211 771.568988 51.287426 2
212 836.954156 1.147684 20
213 669.857073 826.249117 14
214 83.117797 554.461888 18
215 940.190595 681.195190 5
216 621.771053 503.737620 8
217 756.118890 857.112791 2
218 595.940680 127.222142 7
219 489.599675 41.631499 14
220 988.614954 30.569153 17
221 653.903000 129.779434 14
222 673.174854 148.539899 18
223 139.367095 462.217769 19
224 930.800121 667.892421 1
225 803.623390 502.549355 1
226 6.830445 634.604822 15
227 633.051482 366.638167 11
228 158.489628 664.670050 8
229 629.725926 564.583385 9
230 48.530017 956.027316 9
231 368.298984 167.229426 1
232 664.033898 411.299037 18
233 436.113795 537.062196 18
234 666.357758 609.405950 3
235 924.040583 359.098387 16
236 594.359662 75.292694 17
237 715.713944 669.498037 8
238 379.847332 868.250562 10
239 698.586537 165.873462 13
240 990.602777 601.317952 20
241 715.812419 220.714736 5
242 533.173457 35.160453 14
243 153.081679 937.118864 2
244 223.076058 120.568779 17
245 580.552932 695.823762 15
246 684.179289 475.265788 3
247 526.984562 78.473261 3
248 509.791039 808.897467 2
249 85.553756 127.835703 17
250 413.233990 659.704790 8
251 314.887250 951.227173 5
252 898.018580 619.229492 5
253 69.498385 73.901158 8
254 271.129565 848.792762 3
255 488.812807 281.891439 6
256 546.478381 287.421353 7
257 791.287418 113.536537 14
258 305.180947 154.145645 12
259 460.845615 883.384525 2
260 958.647572 288.960954 17
261 724.458297 362.804761 15
262 656.608700 78.724988 19
263 562.653807 794.554864 5
264 188.227132 562.378173 14
265 622.642204 847.653912 12
266 607.546919 596.494733 4
267 403.522248 128.319772 20
268 173.615176 443.736121 14
269 122.543760 619.058689 14
270 436.897933 888.220679 1
271 71.574322 882.296453 2
272 493.134958 787.043212 8
273 826.903795 895.724015 18
274 306.526850 531.595284 15
275 203.871097 500.357217 4
276 279.949049 636.862682 1
277 54.464381 448.487165 17
278 907.564659 654.731943 10
279 862.045919 698.075026 4
280 619.618884 413.903700 13
281 196.318537 672.496781 3
282 733.349107 113.937297 9
283 378.387841 419.394930 9
284 584.294359 26.062319 2
285 959.490509 577.282793 13
286 711.926018 187.373617 14
287 434.599204 935.057621 16
288 352.089161 648.998958 10
289 375.741663 636.032405 18
290 336.920381 975.959081 10
291 383.814692 474.949574 13
292 294.236393 614.830515 7
293 61.267473 126.634551 13
294 503.135936 520.174345 10
295 230.195982 250.382620 7
296 555.429926 83.978465 14
297 50.250496 709.271243 4
298 587.711914 21.057417 18
299 327.465590 264.216919 8
300 922.757184 525.729123 9
301 724.371215 67.817026 1
302 500.539105 117.683670 15
303 161.391467 97.913608 19
304 810.665501 988.040827 2
305 683.532719 879.554461 15
306 412.007987 506.740846 5
307 192.138063 688.708554 12
308 885.892048 256.201420 16
309 201.571382 321.986515 8
310 757.252007 527.828376 11
311 620.280781 433.494812 10
312 523.756014 781.221862 13
313 806.617615 221.515510 16
314 716.314970 135.245953 4
315 522.867660 85.732119 9
316 299.915018 841.370446 14
317 909.532665 300.342388 1
318 992.843905 316.470804 7
319 296.474810 197.286843 10
320 695.923380 185.675285 4
321 730.080126 310.279614 10
322 535.914588 991.172857 9
323 291.032366 60.463028 6
324 4.633191 13.647183 5
325 883.413382 648.285848 9
326 423.654970 296.479276 18
327 341.593579 313.529932 13
328 211.129516 438.747836 20
329 347.740789 78.477603 4
330 872.844384 611.852254 8
331 513.688305 239.405710 7
332 320.151099 997.334007 14
333 249.555191 947.078867 4
334 626.192973 284.991136 13
335 221.476790 703.984832 15
336 948.684057 376.469984 2
337 468.321916 214.829331 17
338 935.836055 107.585429 8
339 186.158878 255.319780 4
340 62.196057 93.689944 14
341 268.959734 898.632687 20
342 585.112658 778.374053 9
343 482.359527 167.500047 17
344 820.600809 585.646459 18
345 923.844878 377.831554 18
346 893.449572 640.990929 6
347 236.943248 763.018842 16
348 763.450339 54.495079 20
349 541.986420 647.421998 7
350 420.952049 248.135920 18
351 220.701857 863.312890 15
352 957.002137 130.192685 11
353 474.622926 659.647614 6
354 850.580571 310.562214 6
EOF
