# seed=7008
# generator_version=0.1.0
NAME : mock_medium_loose
CUSTOMERS : 640
DEPOTS : 21
VEHICLE_CAPACITY : 65
ROUTE_FIXED_COST : 16.00
DISTANCE_FORMAT : COORDS
DEPOT_SECTION
1 406.367449 822.323310 654.35 584 9
2 11.712192 186.129819 544.39 55 1
3 606.025092 679.901201 501.43 950 15
4 762.181187 155.279368 984.62 708 11
5 786.797005 651.051650 588.36 981 16
6 918.885493 685.540114 1245.58 958 15
7 164.575986 308.243356 1457.87 1029 16
8 690.738599 284.231052 1329.57 1400 22
9 415.260138 926.944296 840.99 1029 16
10 280.214842 632.910198 1136.47 981 16
11 966.914988 576.398546 537.21 731 12
12 363.699508 60.584501 836.07 1008 16
13 704.845881 232.032880 967.82 434 7
14 55.741824 20.280876 1042.52 367 6
15 202.296251 707.778724 924.72 477 8
16 446.948605 735.595020 1430.46 377 6
17 782.047133 97.851606 586.33 1050 17
18 446.734304 448.839647 710.44 1279 20
19 106.271369 259.001623 1272.05 320 5
20 303.980360 210.889867 862.97 950 15
21 49.485622 760.319225 469.81 1193 19
CUSTOMER_SECTION
22 876.546282 954.150129 3
23 497.565454 362.657343 7
24 825.622632 388.742629 6
25 675.076938 823.358712 19
26 365.219560 621.791278 16
27 17.277767 822.826818 3
28 726.210123 339.207048 14
29 475.698445 777.284409 17
30 182.476823 905.801680 15
31 911.955297 510.970100 17
32 926.122224 122.662272 17
33 358.253879 628.385797 2
34 403.342387 101.996549 4
35 527.230918 23.028731 16
36 190.065264 28.084064 7
37 480.485881 394.558394 8
38 351.531672 477.483571 20
39 389.250691 674.415098 1
40 839.666084 63.429007 11
41 614.583290 124.350678 10
42 274.428755 7.001027 19
43 596.476652 798.024195 17
44 911.177483 165.944042 11
45 66.140761 887.816183 14
46 41.038450 788.920032 2
47 504.657851 216.677134 8
48 197.523531 100.228995 4
49 100.348771 65.491579 10
50 445.802105 294.561889 6
51 395.416624 513.883345 14
52 30.391438 190.365026 8
53 832.051828 766.138992 20
54 148.722836 822.787704 15
55 468.567670 934.205227 12
56 294.927219 710.270542 1
57 754.979555 480.457975 14
58 989.834972 195.578033 16
59 271.544576 363.285885 9
60 815.626948 919.837935 7
61 155.759367 99.225628 11
62 18.851099 35.952477 19
63 304.074777 542.893739 5
64 750.219423 16.880055 14
65 990.068891 228.676725 15
66 733.387194 993.859005 13
67 568.097268 663.915470 11
68 772.622654 145.512530 4
69 134.997380 948.563241 12
70 26.787127 907.591367 16
71 97.482509 887.106001 9
72 557.835157 121.799125 7
73 372.147290 305.912445 3
74 839.040968 890.427396 17
75 627.218088 614.627635 8
76 935.770028 894.597601 7
77 510.560846 597.508969 5
78 824.011918 197.200297 17
79 350.545369 208.065926 14
80 126.549528 976.600668 20
81 194.266764 129.389497 17
82 943.794774 430.335519 14
83 469.019333 763.756835 4
84 468.221965 373.774521 6
85 497.015775 960.127715 20
86 237.128389 665.788433 20
87 486.721988 882.969879 6
88 279.323557 902.278544 20
89 113.930264 918.929388 17
90 623.780219 374.455289 15
91 472.974347 851.766590 3
92 108.762335 889.162788 17
93 787.599995 361.652900 10
94 747.102992 146.167495 17
95 332.069279 838.398119 14
96 21.932805 320.166379 7
97 657.298640 523.293667 15
98 984.944519 743.067885 1
99 117.956846 458.043998 1
100 175.073424 365.400671 4
101 572.661655 971.675050 17
102 150.241076 378.995519 14
103 409.002462 25.166404 1
104 604.155389 914.748054 15
105 907.274590 770.345005 17
106 917.219637 855.966927 13
107 61.190556 814.004115 1
108 115.992775 286.679645 2
109 522.998956 567.170329 5
110 553.553802 170.522786 15
111 845.325006 369.318064 18
112 535.773824 35.982915 18
113 760.873591 899.386172 12
114 734.624672 680.033558 13
115 520.297492 917.980223 17
116 291.449201 537.164318 12
117 892.522596 924.864426 13
118 199.535465 118.926747 12
119 287.581281 384.114675 12
120 572.228445 524.210579 11
121 358.974226 261.190090 15
122 124.215716 308.403277 20
123 180.312060 747.397645 17
124 646.357527 453.321484 15
125 832.161699 449.349520 2
126 845.244730 455.999135 12
127 241.487378 558.217690 20
128 927.640874 657.486307 13
129 180.864766 890.851820 17
130 166.167104 566.021074 15
131 257.776095 888.271069 11
132 354.485872 207.426949 5
133 162.745778 287.544758 2
134 197.150759 985.503484 20
135 911.090091 96.236791 13
136 223.270266 886.184628 14
137 674.380800 733.145155 6
138 103.107099 933.659157 20
139 348.713815 951.585024 15
140 299.639417 546.805652 5
141 859.193847 559.490944 16
142 498.164836 603.659887 20
143 772.601647 263.504019 16
144 802.414765 650.233709 15
145 680.377221 821.213821 15
146 345.852899 672.935463 11
147 913.319783 967.157667 16
148 500.823893 235.178664 5
149 105.478007 268.185136 10
150 990.328067 532.666867 20
151 12.336757 472.095526 12
152 875.729271 975.489655 19
153 896.898803 951.857104 17
154 731.774017 26.682343 2
155 330.489676 792.620283 18
156 310.675475 172.950129 18
157 823.621112 122.498593 19
158 518.556129 289.134302 12
159 558.327595 568.593224 5
160 683.383477 88.325845 10
161 209.791724 671.702930 19
162 506.907731 710.970204 20
163 986.209867 544.480634 6
164 605.742337 88.837319 10
165 560.821009 950.328801 11
166 824.885993 902.123323 19
167 208.594404 382.730146 19
168 749.519784 914.598765 17
169 902.873038 237.879912 17
170 323.413825 261.046160 16
171 170.284991 14.173935 15
172 472.279904 626.688868 3
173 165.538724 282.558153 5
174 169.759926 170.109034 2
175 308.510142 321.496144 12
176 722.286492 486.125433 20
177 138.304672 293.930389 17
178 543.567746 950.135223 2
179 54.554079 104.380202 1
180 805.722051 651.030923 3
181 500.690523 301.482444 5
182 598.759160 405.391066 13
183 769.592853 332.602281 20
184 217.139213 335.144757 9
185 722.770666 947.140885 20
186 479.741679 951.984119 13
187 241.780621 568.845607 11
188 112.952391 434.216473 12
189 175.044343 552.003052 13
190 671.071884 17.707736 8
191 675.863249 418.411240 6
192 997.361390 328.697708 9
193 308.878905 623.146754 14
194 376.270252 304.747828 20
195 484.737469 510.553368 3
196 893.733571 38.677176 7
197 156.126580 663.877972 10
198 773.927733 532.914135 13
199 754.455353 603.720622 4
200 853.732247 658.771285 10
201 445.560024 505.701012 20
202 550.055370 870.129800 1
203 860.793181 530.767912 20
204 990.511944 300.611244 12
205 288.101105 167.866295 10
206 416.677965 278.436587 7
207 998.014236 729.474843 15
208 129.531220 121.062836 4
209 172.622437 956.664764 18
210 254.369040 146.035930 12
211 726.334149 86.974668 19
212 905.317568 817.916090 11
213 816.073168 63.812119 13
214 190.847700 115.030548 8
215 797.808117 842.869832 2
216 647.244161 934.794733 19
217 113.459021 670.891565 10
218 9.618182 577.929905 7
219 222.500529 715.799165 11
220 100.312317 239.948726 7
221 419.270618 979.190922 1
222 745.670979 822.725347 15
223 1.836047 935.671638 10
224 706.750150 47.510520 16
225 389.669400 112.757718 9
226 141.726081 330.171915 20
227 511.606391 970.687549 13
228 568.278342 64.436744 17
229 838.589973 8.759906 4
230 289.011489 609.389050 20
231 67.423706 292.705692 9
232 241.206943 901.931910 2
233 225.746739 43.316857 6
234 189.957007 233.877136 12
235 927.693013 588.495819 5
236 128.575576 536.252718 18
237 321.866661 859.831147 13
238 563.670091 526.901048 4
239 898.062845 868.595760 16
240 809.470758 107.439773 3
241 483.379972 49.863691 19
242 25.655002 437.761036 11
243 173.675647 741.050723 13
244 502.461688 637.399938 3
245 690.245124 579.218825 16
246 340.506353 89.009726 9
247 773.057661 376.089752 14
248 270.209902 56.899661 17
249 765.843984 393.481211 3
250 764.437700 799.040193 6
251 57.030673 660.535864 12
252 274.874729 65.551985 17
253 667.693054 288.867216 5
254 301.758251 965.331484 17
255 273.617719 679.723018 20
256 683.166760 751.244134 15
257 665.773957 359.421779 16
258 927.428963 419.608605 2
259 394.288127 721.590402 10
260 490.580990 271.790428 4
261 911.872090 521.399710 13
262 66.865040 327.500301 11
263 359.103965 185.275501 3
264 293.609024 253.292186 17
265 583.967318 18.368461 11
266 226.133958 56.364782 20
267 162.151796 678.712197 20
268 71.913495 693.513999 19
269 129.075770 160.107007 8
270 89.186837 712.550707 14
271 593.694562 840.925893 3
272 789.222760 617.636594 16
273 764.909871 226.742873 20
274 672.113324 499.772754 11
275 793.881595 113.718174 19
276 373.772458 416.056897 7
277 830.503104 361.531930 3
278 140.512144 597.052218 5
279 152.029203 485.245509 19
280 906.299717 984.356172 12
281 47.162700 630.470481 5
282 978.293174 139.352614 20
283 395.373942 614.121965 12
284 401.045461 483.781943 17
285 748.345021 901.245206 7
286 458.978664 440.036612 1
287 218.230625 420.789757 14
288 165.326131 49.542765 13
289 531.763373 868.552498 9
290 661.759893 500.046977 15
291 931.734073 583.766896 16
292 35.179544 442.915309 8
293 290.914225 923.478752 12
294 22.589791 555.807823 18
295 291.725978 20.899121 12
296 96.233605 278.498015 4
297 585.952216 941.732601 19
298 166.470129 407.462808 5
299 600.390567 450.149465 13
300 908.818428 742.653717 1
301 547.200957 114.924562 17
302 67.002817 833.365958 4
303 129.444209 960.548891 15
304 137.996255 468.613849 8
305 440.623832 963.338822 8
306 102.890304 898.637141 8
307 216.321184 287.713445 7
308 754.577561 158.282770 13
309 346.682517 110.056787 18
310 979.002352 685.380866 20
311 307.987108 293.583591 13
312 800.276786 851.779725 9
313 601.389072 341.973721 2
314 465.033610 636.909787 5
315 741.091564 285.873350 15
316 416.210915 34.324770 14
317 322.609247 864.917703 7
318 230.630298 642.010359 17
319 412.321907 772.686665 16
320 507.544885 314.468149 6
321 328.431584 243.627153 20
322 175.991340 624.082666 14
323 941.183379 352.769330 11
324 585.317418 350.585786 5
325 709.272699 64.183153 20
326 438.574574 439.615121 8
327 273.550309 458.750552 2
328 629.151455 275.869337 13
329 731.271254 664.127526 16
330 445.395933 288.416453 8
331 724.792248 905.711595 11
332 561.126846 372.816468 7
333 503.141213 304.900263 11
334 271.120038 399.346115 16
335 319.434884 236.905323 5
336 205.622480 453.657535 3
337 561.962649 263.234585 20
338 145.331369 80.177534 8
339 630.471394 591.073505 12
340 150.425335 283.072460 16
341 928.245646 310.721294 16
342 241.397739 196.043293 8
343 321.274898 855.727382 19
344 770.332702 80.402853 4
345 766.418196 54.717680 10
346 67.500591 960.102104 7
347 780.659041 260.798297 1
348 33.447543 448.697189 19
349 585.178415 273.986590 7
350 994.667916 379.256698 19
351 206.898568 195.780607 10
352 241.245334 118.997484 14
353 726.297492 698.381738 20
354 156.075507 804.706578 1
355 776.241604 966.843534 5
356 980.501016 508.576979 5
357 19.099322 787.900591 4
358 960.701576 170.920294 13
359 86.705673 297.968987 20
360 708.149328 175.465124 7
361 482.287159 533.754468 16
362 124.950805 749.443855 2
363 162.036171 798.725230 11
364 268.895470 55.095915 4
365 730.980999 101.528766 13
366 36.873489 328.630363 14
367 713.293882 496.962868 19
368 171.704401 491.289523 3
369 591.957359 108.079507 19
370 477.109909 493.211046 19
371 205.382975 84.556837 6
372 812.378692 713.921702 12
373 922.590628 706.673641 8
374 749.440142 455.561577 8
375 120.284886 782.891168 4
376 713.758222 707.187369 6
377 177.601245 148.073527 17
378 529.857048 620.225175 1
379 255.738140 670.051285 7
380 208.430015 189.672156 10
381 471.787472 414.568182 17
382 528.229045 57.255668 1
383 490.249091 525.607637 14
384 744.581303 584.275842 9
385 729.095581 995.902696 5
386 421.282669 582.132584 6
387 29.754748 471.998625 7
388 396.494110 72.938368 7
389 191.193255 537.370423 7
390 848.864455 209.244731 19
391 70.404994 139.737455 15
392 642.803550 410.431226 10
393 395.416806 47.754097 2
394 597.191066 101.956410 14
395 317.603641 517.446290 17
396 746.061143 449.130110 8
397 987.985600 458.381301 13
398 194.603075 486.940683 11
399 903.405525 179.296246 3
400 3.329339 831.720946 18
401 730.583091 338.612731 20
402 854.821357 841.273037 4
403 696.954423 997.888932 10
404 687.457917 735.503906 17
405 885.526268 485.802404 18
406 60.381649 63.624678 4
407 706.712507 523.906134 6
408 700.322857 455.179197 19
409 458.949004 856.450222 6
410 892.173846 204.413325 17
411 474.467792 115.745197 14
412 839.092087 854.877698 20
413 253.168312 242.213154 6
414 380.492580 968.203324 8
415 679.911481 856.494772 17
416 375.627320 21.699479 3
417 364.041859 408.044377 18
418 196.745823 345.706029 19
419 60.537206 891.818358 2
420 351.448998 715.853754 1
421 934.532623 241.014580 9
422 413.523969 275.593573 2
423 432.995352 238.014378 8
424 14.708203 631.487579 10
425 277.037445 725.384268 2
426 170.737025 522.556140 16
427 518.535635 743.718421 12
428 45.449343 887.296334 19
429 163.792737 579.324945 3
430 79.663416 523.158930 1
431 495.363247 335.873242 17
432 605.589370 557.388848 20
433 495.456133 313.831380 14
434 185.637150 923.553716 19
435 584.269341 895.979247 10
436 110.540467 316.506101 7
437 638.148628 345.356147 18
438 49.215148 55.089391 13
439 890.544151 362.245804 20
440 536.544548 506.444208 12
441 958.341966 360.243912 12
442 381.221722 370.225086 12
443 967.957954 21.579090 18
444 658.446997 614.684488 1
445 498.389795 170.193278 5
446 297.790122 78.463500 9
447 263.060365 867.312100 1
448 900.229617 134.923524 5
449 976.829190 329.053956 2
450 924.566213 961.549264 14
451 656.723759 805.359746 8
452 784.915941 588.429916 8
453 874.573432 385.970777 18
454 947.974704 777.562192 9
455 460.452941 987.667400 11
456 45.528436 360.666863 7
457 164.655261 579.060065 17
458 481.836764 872.709725 18
459 255.004524 507.565805 2
460 648.273135 524.673251 11
461 555.283350 397.384181 6
462 131.645674 968.496108 9
463 923.377873 85.316302 1
464 749.826683 89.210219 12
465 876.103107 200.291579 19
466 845.303770 664.921267 12
467 90.240772 668.653650 12
468 532.314663 282.593407 5
469 146.726717 302.412890 18
470 935.636585 441.178830 16
471 462.934120 67.217873 10
472 225.937703 67.797164 8
473 745.031530 12.022193 2
474 426.468341 969.304297 15
475 380.728060 703.342581 15
476 710.902333 105.890330 20
477 723.325688 563.708243 8
478 97.926742 689.863757 8
479 41.345315 488.574835 12
480 348.104525 81.726822 16
481 723.699131 251.863081 8
482 681.610150 493.657003 9
483 957.235812 977.175000 5
484 732.516657 793.015846 20
485 852.740756 284.153205 9
486 58.675857 747.744496 1
487 241.733275 514.104593 5
488 456.939080 868.321956 12
489 233.159909 212.846646 10
490 179.973992 85.689400 10
491 788.286143 437.344748 6
492 49.434658 912.361129 14
493 182.733326 743.599865 7
494 95.408323 1.226314 19
495 156.841419 952.627523 9
496 938.922616 387.832938 13
497 293.799375 593.565876 11
498 112.752633 898.100363 15
499 691.432846 578.290858 9
500 718.188176 127.988439 17
501 816.776791 389.981367 18
502 715.229615 725.277617 2
503 76.101154 374.858210 17
504 339.721633 444.552079 18
505 284.631985 211.610388 15
506 927.195951 12.337311 12
507 360.138783 828.819455 15
508 709.621220 38.261884 1
509 580.230183 188.354874 17
510 166.455988 506.760435 7
511 213.838617 874.165641 9
512 434.608013 438.136896 17
513 237.334903 949.822980 12
514 333.821164 801.022665 16
515 666.004039 856.728028 6
516 722.671542 313.151813 11
517 233.743621 501.915501 18
518 84.367234 732.515588 12
519 297.074325 188.646588 9
520 486.993316 564.785650 9
521 630.438955 150.594927 19
522 887.542010 533.321398 19
523 604.934190 316.927441 18
524 813.074064 194.398138 18
525 506.103064 865.626871 9
526 555.284945 373.969203 8
527 612.460839 889.763855 9
528 982.271085 114.107927 7
529 431.406520 387.046107 5
530 689.684461 237.476081 7
531 261.258117 6.568306 15
532 64.480612 63.792091 20
533 591.690305 925.523350 5
534 631.587872 390.374761 20
535 774.443678 832.190435 7
536 397.253899 304.305521 14
537 476.840195 276.397371 8
538 664.208891 753.510770 4
539 955.033266 398.506885 4
540 551.058039 508.824617 15
541 707.293747 325.329127 12
542 346.321058 824.964966 17
543 637.811618 34.778292 15
544 208.326190 878.726718 7
545 270.044405 461.811175 3
546 473.474894 6.059466 7
547 402.814591 115.453200 7
548 151.387165 900.473812 13
549 700.305109 904.726816 10
550 685.836977 381.222648 2
551 436.524950 328.790146 8
552 499.899488 212.633601 7
553 824.936254 344.834126 19
554 193.675073 600.716510 12
555 578.696045 449.102169 8
556 317.192078 893.372165 3
557 350.379822 365.370796 13
558 177.668066 459.325674 4
559 472.000009 237.992415 19
560 278.257980 152.261236 10
561 664.385034 792.337287 20
562 317.387448 822.816334 11
563 653.832189 431.288487 16
564 321.251820 527.200320 4
565 878.706213 692.466481 7
566 129.833368 167.588875 1
567 634.295328 68.253151 6
568 975.975462 140.995220 4
569 899.690479 339.792617 15
570 515.750003 320.873898 6
571 879.346456 906.009767 4
572 725.750820 415.126105 19
573 67.582613 443.331689 15
574 13.884232 505.145937 7
575 690.109553 689.729546 20
576 982.626464 365.293941 9
577 812.002302 312.266922 11
578 606.293469 4.306055 12
579 340.300114 734.441480 2
580 487.813665 950.873077 9
581 306.530079 46.753605 17
582 150.117140 537.806935 3
583 752.422172 737.584204 1
584 222.874703 5.616072 12
585 319.065245 5.404390 11
586 61.091935 752.255264 10
587 447.551788 787.065913 1
588 702.287445 884.269587 11
589 427.970499 401.243778 7
590 553.983385 500.177139 5
591 424.580423 748.104921 15
592 932.086368 446.624166 9
593 469.514987 287.818899 1
594 229.806054 890.109296 12
595 866.214812 939.589426 3
596 570.753892 713.334051 7
597 100.721842 941.115285 19
598 672.349760 469.080287 20
599 309.180684 41.073056 9
600 421.686833 909.409557 20
601 766.373616 893.113741 4
602 512.592189 19.799557 12
603 300.320364 863.483652 4
604 76.624003 401.535628 3
605 939.870782 206.119194 14
606 849.186214 150.387733 2
607 321.474868 810.370230 16
608 111.922297 177.653789 15
609 808.742484 545.951979 15
610 437.303193 953.260486 4
611 413.374892 656.523427 16
612 301.963673 693.471689 15
613 945.813665 5.489598 3
614 422.698317 634.193047 8
615 968.327351 993.953256 17
616 415.493475 836.312450 13
617 210.074252 56.679694 9
618 749.018678 188.762041 7
619 342.657322 290.886725 6
620 714.562404 19.229009 5
621 158.910244 926.561381 3
622 366.117175 682.238286 12
623 360.684666 609.838914 9
624 262.924886 649.492042 7
625 297.324183 421.815235 4
626 728.597296 15.840447 6
627 495.982611 512.918478 6
628 787.855868 680.763278 9
629 687.028837 705.730949 11
630 105.379393 527.506256 3
631 503.459087 523.776712 10
632 897.600002 311.428701 4
633 841.768133 341.261331 19
634 338.711214 836.858098 20
635 31.825102 468.513942 13
636 920.888585 100.794193 17
637 586.383286 739.574566 11
638 287.280962 353.326533 16
639 292.197989 255.196572 20
640 319.171361 855.947606 8
641 739.160428 96.763599 9
642 935.729701 129.265967 11
643 415.140831 853.741967 3
644 821.885573 791.264519 18
645 867.695769 861.395264 13
646 319.358289 457.163221 13
647 454.966547 411.450861 17
648 938.580917 808.087882 18
649 652.328340 94.757483 10
650 722.471729 715.279768 17
651 405.683861 365.652003 18
652 443.021485 66.992455 6
653 668.042056 370.585808 11
654 541.365630 407.687617 1
655 753.603324 249.816548 13
656 347.371973 441.306220 1
657 409.961065 669.153435 16
658 891.319479 185.544256 19
659 918.248822 430.552334 5
660 633.964443 539.198970 19
661 378.690418 782.046227 4
EOF
