# seed=7015
# generator_version=0.1.0
NAME : mock_small_consolidation
CUSTOMERS : 90
DEPOTS : 5
VEHICLE_CAPACITY : 40
ROUTE_FIXED_COST : 5.00
DISTANCE_FORMAT : COORDS
DEPOT_SECTION
1 946.423406 443.409805 791.20 231 5
2 287.824269 941.112449 878.85 215 5
3 56.233462 696.313117 2398.00 223 5
4 967.667943 836.220319 2595.82 214 5
5 85.328017 628.297532 2863.51 202 5
CUSTOMER_SECTION
6 339.909260 68.969308 4
7 193.528732 765.877521 9
8 640.257327 706.356706 1
9 360.642883 176.118954 11
10 192.305723 739.457520 1
11 265.433076 63.663586 1
12 672.701998 807.476748 4
13 630.075878 888.519913 12
14 244.474230 803.771271 12
15 477.827137 102.531669 13
16 110.669839 735.333451 2
17 230.146956 839.623712 1
18 220.285146 749.847429 15
19 186.473528 703.464361 8
20 192.807031 804.731334 12
21 265.846417 26.773666 8
22 348.952927 108.154618 4
23 129.885516 763.150031 4
24 282.328086 201.477084 3
25 624.563866 779.474402 4
26 218.644348 121.764334 8
27 295.883721 27.605499 4
28 609.535370 700.933384 1
29 450.018864 112.417971 14
30 282.767043 77.478815 4
31 323.808643 219.395643 4
32 423.917681 114.671909 3
33 222.128205 663.515566 1
34 161.277475 889.643309 11
35 136.621488 771.938344 11
36 425.215382 130.679194 4
37 0.000000 744.654898 2
38 690.662171 738.767465 2
39 637.935343 754.218773 3
40 153.426936 972.085771 1
41 345.656826 83.876756 2
42 593.707754 859.359787 3
43 682.944959 950.766396 14
44 357.512973 10.314265 2
45 120.885956 750.685972 12
46 218.458565 609.605189 2
47 181.580572 795.645556 1
48 571.673101 709.480829 8
49 330.112056 96.338807 14
50 389.251373 105.741444 12
51 661.512232 821.077680 2
52 631.236721 750.565996 9
53 143.484002 697.904302 10
54 279.414080 784.499022 3
55 315.965582 783.070911 1
56 767.311125 871.774459 9
57 685.011261 835.339309 4
58 358.823992 864.509841 4
59 446.888203 119.719056 9
60 201.569704 830.212847 2
61 594.861697 760.730504 3
62 578.477519 679.368359 4
63 716.397446 788.939710 3
64 373.387887 231.722394 3
65 578.967585 818.334894 3
66 348.358215 837.227561 15
67 643.218004 799.107863 2
68 351.942782 45.258909 8
69 246.131661 881.277538 4
70 326.254352 780.537104 1
71 179.368065 724.379886 11
72 634.544198 862.217301 1
73 177.042781 701.201875 15
74 848.849648 739.813946 2
75 155.629699 781.228163 4
76 238.905739 695.385841 8
77 618.263336 745.704664 4
78 563.855191 825.124948 1
79 325.690210 822.042826 2
80 461.304776 112.501361 1
81 152.005756 730.114884 4
82 453.252963 186.742155 2
83 259.141846 80.884668 11
84 272.756223 722.640829 12
85 674.690586 689.049184 1
86 391.220282 135.266281 12
87 680.281922 707.794759 1
88 335.378536 88.937948 4
89 230.374041 751.963018 3
90 540.047777 875.668206 3
91 227.359736 26.180795 4
92 115.601732 859.847086 1
93 354.199600 16.315715 2
94 174.004883 812.582740 4
95 398.428894 13.287042 4
EOF
