# seed=7005
# generator_version=0.1.0
NAME : mock_small_asym_depot_binding
CUSTOMERS : 300
DEPOTS : 12
VEHICLE_CAPACITY : 50
ROUTE_FIXED_COST : 20.00
DISTANCE_FORMAT : COORDS
DEPOT_SECTION
1 191.715711 242.296373 1009.30 350 16
2 404.697860 256.437746 1090.10 247 12
3 585.793249 255.864673 544.41 243 11
4 785.231516 253.791697 876.06 390 18
5 195.600586 505.878524 1319.96 307 14
6 386.468242 504.166460 1232.31 250 12
7 609.290291 487.857931 401.16 194 9
8 787.692308 494.614699 1351.67 187 9
9 184.143086 735.767421 779.64 367 17
10 390.222106 760.434318 674.52 244 11
11 607.165691 760.884792 797.40 230 11
12 788.049860 737.502531 631.49 379 18
CUSTOMER_SECTION
13 183.744306 889.233001 14
14 480.979434 640.301036 6
15 317.148662 807.877151 12
16 201.770799 822.633239 5
17 476.223580 258.749876 12
18 574.028599 653.307803 13
19 446.415511 87.510252 19
20 403.675036 84.638398 1
21 269.200751 197.618552 9
22 498.729903 562.760875 5
23 728.648966 988.478627 19
24 180.954848 277.478228 19
25 55.847613 355.036655 1
26 257.539489 413.485265 8
27 832.321593 771.542283 8
28 89.945823 38.248877 7
29 63.543454 860.277798 13
30 190.285738 280.223711 6
31 364.442383 277.151385 6
32 595.925828 564.069856 8
33 181.152375 733.991647 7
34 329.675251 398.857318 15
35 31.410762 711.507400 9
36 79.781522 52.837637 12
37 508.787878 913.436405 6
38 391.542919 826.860734 10
39 31.021838 451.814342 2
40 78.451257 754.873770 20
41 998.070813 9.757841 15
42 751.532276 465.885680 9
43 379.944331 169.959450 3
44 957.448740 906.885167 13
45 799.104152 958.132272 1
46 447.395549 690.221798 7
47 688.474152 662.973145 4
48 396.596773 662.797944 9
49 414.925337 532.133109 13
50 374.003691 626.432202 13
51 244.735252 12.078711 9
52 252.888068 65.954814 1
53 170.797325 442.705695 20
54 500.083268 142.901750 6
55 882.947258 633.606240 12
56 913.241116 971.298289 11
57 49.618382 524.480228 19
58 368.771503 569.987904 14
59 552.968442 91.848070 13
60 8.642124 407.911765 2
61 437.413301 527.351752 17
62 684.900120 231.612902 10
63 195.347216 269.055807 19
64 993.361670 367.376577 17
65 727.385133 31.296346 17
66 647.996949 349.171743 12
67 321.005181 45.157113 6
68 953.857326 122.980890 7
69 823.611964 40.698883 10
70 940.064427 445.071010 13
71 867.510739 277.038486 5
72 352.254845 720.586354 20
73 72.574520 450.445744 16
74 901.579541 319.715849 8
75 44.498654 918.076009 17
76 94.241415 246.797217 5
77 51.086367 721.191711 17
78 880.291779 232.830321 20
79 629.376097 101.549529 12
80 348.267574 454.100758 18
81 981.960448 645.524588 5
82 400.942328 404.805837 15
83 742.234450 998.747130 3
84 480.068632 503.987650 10
85 671.212937 394.922782 20
86 580.495549 62.097989 6
87 111.523717 566.433729 12
88 410.409434 830.635136 1
89 381.587360 747.872273 2
90 898.201880 989.658799 4
91 570.516163 653.444931 14
92 206.037457 53.097275 1
93 759.573499 760.275119 5
94 849.468039 694.252137 3
95 817.418456 504.645497 16
96 861.841983 553.654624 11
97 635.070374 471.216880 13
98 830.563327 107.797156 4
99 431.871227 620.873024 12
100 623.072785 381.910809 12
101 228.561866 341.942821 18
102 487.856793 294.018058 3
103 800.415198 617.470300 15
104 758.015449 113.138555 18
105 578.210852 451.751215 3
106 699.034961 628.148405 13
107 735.954540 118.909025 8
108 347.453514 22.022679 6
109 478.059350 860.960281 4
110 956.749160 266.880346 7
111 938.762307 966.529019 5
112 839.822054 411.259145 1
113 323.244637 270.634379 1
114 209.645814 959.172147 5
115 899.916574 638.092242 14
116 366.194959 329.119583 20
117 48.703680 791.985758 13
118 932.803643 143.617502 4
119 331.379433 330.386295 8
120 55.037170 525.225545 1
121 742.743389 17.141396 14
122 302.937608 638.240560 3
123 335.528692 887.879422 17
124 704.839661 992.966479 5
125 330.335365 127.376708 3
126 60.599135 73.325219 19
127 382.271550 741.007303 19
128 107.116022 537.153492 18
129 655.555907 802.365721 9
130 651.066505 503.919247 9
131 523.691562 937.673530 20
132 52.069991 962.776127 18
133 806.726105 251.037137 2
134 42.781840 500.662384 12
135 929.953908 516.123449 17
136 851.435068 420.579279 20
137 359.596274 25.359237 14
138 827.201576 84.567852 1
139 638.841128 554.231481 17
140 118.128057 536.291486 17
141 805.071551 615.126521 9
142 411.621988 515.862234 1
143 624.874903 794.026058 12
144 507.554517 57.001810 3
145 132.763226 775.878794 17
146 725.756858 309.342729 15
147 157.409265 629.128112 11
148 794.961713 765.010225 13
149 894.698389 866.186191 15
150 190.251095 229.625057 6
151 288.413750 801.131866 16
152 703.537246 614.937594 8
153 32.296446 715.645263 1
154 974.614587 201.928266 1
155 31.629167 554.323042 8
156 606.559255 549.983285 18
157 378.436440 4.279830 4
158 4.914399 298.489837 5
159 904.633705 100.672859 1
160 834.569159 224.629471 13
161 315.250438 268.910561 10
162 560.419134 118.063112 13
163 589.739818 923.335403 15
164 680.622660 526.834203 7
165 473.780398 372.896331 5
166 505.050354 38.825287 12
167 206.860190 628.411991 13
168 40.190179 559.194087 17
169 26.581444 480.643791 16
170 504.705310 234.959126 18
171 113.004631 406.262543 15
172 54.058346 398.532810 15
173 951.210543 470.841008 8
174 822.971901 784.129524 9
175 677.093468 747.823026 5
176 931.699492 618.597229 14
177 638.317136 775.085753 20
178 903.122459 852.197444 15
179 232.637854 889.330798 8
180 928.508281 699.791633 5
181 665.536079 411.808168 11
182 871.268731 209.835647 8
183 400.144908 456.287290 9
184 176.294520 782.947898 3
185 377.995799 330.190445 1
186 990.939862 471.723520 5
187 373.864010 916.995465 13
188 385.955469 345.963431 18
189 925.267147 335.310968 10
190 971.674752 237.365176 10
191 313.364801 86.715141 14
192 49.147595 303.768535 13
193 270.076477 601.729864 15
194 153.530284 26.404839 17
195 461.946814 523.156335 16
196 240.740716 855.861213 2
197 276.639653 98.141626 10
198 0.846362 798.192337 18
199 512.376770 613.967191 16
200 861.652991 10.431862 7
201 473.742548 588.551251 8
202 539.186695 410.200317 12
203 558.692767 71.110441 14
204 853.498418 760.746389 15
205 54.994612 750.906590 15
206 97.333688 757.921089 19
207 497.599758 868.623783 5
208 255.955335 728.756019 7
209 172.102827 691.062122 14
210 643.227750 276.184302 12
211 43.999524 70.060011 5
212 146.366492 108.420042 14
213 469.781525 716.220952 11
214 950.566769 958.160348 8
215 967.448890 224.494455 8
216 374.733685 359.713048 20
217 687.090202 683.994320 10
218 606.936631 429.744358 18
219 774.029849 804.526042 20
220 103.974870 906.058748 3
221 827.904765 812.461174 17
222 25.194511 732.051149 15
223 46.268926 239.890247 16
224 874.902808 823.605279 2
225 303.161574 264.677972 11
226 911.218194 105.303152 4
227 673.873045 716.854515 14
228 956.183823 163.937144 2
229 404.447245 569.672583 11
230 672.428200 899.373894 5
231 605.271872 39.875264 3
232 591.166134 720.140332 13
233 443.781058 325.187427 14
234 581.817794 494.839228 6
235 211.216124 574.853623 17
236 181.866907 295.764274 16
237 285.294090 860.211682 7
238 685.395797 623.234553 3
239 766.896207 435.128135 4
240 351.672956 423.033300 11
241 531.159261 988.687949 7
242 468.330369 816.623605 2
243 969.723864 219.866835 14
244 454.738931 914.311585 10
245 20.628291 521.706282 12
246 731.122782 412.095617 12
247 819.572393 485.186993 2
248 752.020597 853.277242 7
249 363.234250 506.520195 2
250 686.947811 0.886967 8
251 495.205646 26.127554 13
252 40.008697 264.011333 6
253 159.461881 510.057912 11
254 456.012476 677.271269 1
255 195.515194 84.437178 20
256 440.892692 473.469213 14
257 911.664502 373.461847 2
258 837.997866 445.680407 2
259 922.996571 175.639269 12
260 752.022912 68.006167 18
261 95.743151 294.169384 13
262 736.622556 5.316727 17
263 734.301339 699.208737 7
264 202.554305 64.418341 13
265 373.559057 35.574824 3
266 167.733683 758.179458 1
267 685.842392 784.091216 18
268 380.386189 662.790304 18
269 148.037628 790.848030 3
270 263.318482 332.621361 15
271 171.580742 109.511187 9
272 645.829666 268.892981 20
273 178.780214 620.577819 16
274 401.943752 466.174397 14
275 729.624282 786.257627 16
276 424.733034 831.037081 8
277 896.906338 752.496234 8
278 411.371637 680.325236 2
279 56.401606 876.195092 2
280 553.627621 109.457841 12
281 803.198381 61.774374 6
282 671.904206 649.302173 11
283 421.277910 184.620370 9
284 970.233271 926.087466 11
285 971.699333 347.822762 3
286 908.797908 6.074435 14
287 211.037727 853.497082 6
288 251.528811 957.191742 11
289 625.045541 793.322783 10
290 873.124254 118.541300 11
291 472.118345 229.016463 1
292 64.030747 979.688912 6
293 587.774642 67.460982 18
294 651.361962 337.866456 9
295 66.916762 619.240412 1
296 364.851271 851.453163 16
297 995.578189 844.714049 6
298 675.705729 568.299937 4
299 519.027459 300.887250 12
300 773.132285 722.138760 5
301 325.060588 4.767300 3
302 227.021955 73.488397 11
303 866.644322 651.917550 4
304 82.505684 433.017555 14
305 998.078589 505.511145 16
306 995.499913 877.354195 6
307 911.858542 475.275658 13
308 315.208635 543.443617 7
309 835.781523 278.184720 12
310 6.184417 494.798003 5
311 389.204004 292.500695 7
312 46.561027 608.871713 4
EOF
