# seed=7004
# generator_version=0.1.0
NAME : mock_small_tight
CUSTOMERS : 360
DEPOTS : 15
VEHICLE_CAPACITY : 55
ROUTE_FIXED_COST : 26.00
DISTANCE_FORMAT : COORDS
DEPOT_SECTION
1 185.365996 214.157205 550.49 555 10
2 413.045673 187.024576 662.49 249 5
3 593.563467 186.274952 891.91 106 2
4 804.507954 204.219995 818.18 506 9
5 207.124019 408.220661 1144.40 305 5
6 382.446852 405.820092 569.07 179 3
7 589.639986 395.953621 726.41 165 3
8 790.966942 419.148110 915.64 297 5
9 205.104939 615.283556 531.26 200 4
10 411.537524 608.488655 1437.04 167 3
11 584.365011 618.113646 532.59 87 2
12 798.935478 599.867159 932.76 374 7
13 189.521019 790.534547 953.65 457 8
14 411.372445 788.622948 1272.86 234 4
15 605.668233 804.927738 1090.82 403 7
CUSTOMER_SECTION
16 704.333161 338.223984 12
17 930.329347 205.311053 1
18 411.481917 944.438522 4
19 327.750256 660.215047 6
20 211.347695 17.708165 10
21 29.503707 812.101834 14
22 676.438720 289.968866 4
23 269.434596 758.222447 7
24 691.136686 237.190433 3
25 267.626306 261.075011 17
26 134.441167 863.715757 12
27 713.851108 228.710659 5
28 402.345983 386.105555 4
29 96.023771 341.730077 1
30 947.548035 776.771691 19
31 196.821462 107.581830 5
32 138.257791 539.924347 4
33 819.178915 890.386147 1
34 756.272432 185.868423 11
35 103.681617 921.748956 1
36 426.616092 914.376220 19
37 700.505552 171.078946 9
38 178.687296 825.044621 18
39 791.015839 718.882703 7
40 664.824920 282.273966 9
41 684.049022 739.248809 4
42 961.880102 42.265060 15
43 46.797382 986.728311 18
44 17.323902 573.217767 6
45 416.063708 808.527093 8
46 221.146472 271.022439 12
47 549.460024 635.368148 13
48 655.415368 505.496266 15
49 827.994706 826.935288 4
50 802.002240 128.227017 15
51 409.285043 24.832114 2
52 665.403536 831.766299 13
53 875.370826 441.168615 14
54 279.981852 892.255950 20
55 23.994898 106.525150 18
56 111.726420 546.455797 4
57 250.531768 457.419136 13
58 696.154346 366.397984 14
59 16.425845 13.618869 15
60 842.903156 680.367281 17
61 628.956549 739.848249 8
62 562.486965 680.432551 4
63 100.589480 399.932280 15
64 771.457707 749.307420 18
65 981.896622 389.246257 19
66 759.333167 911.091716 5
67 250.460745 370.966048 20
68 227.066820 263.329666 18
69 362.936670 696.593111 12
70 205.025168 842.500935 20
71 701.595177 19.747000 7
72 527.342868 810.134081 1
73 217.962994 447.904448 15
74 844.904181 981.709954 20
75 249.701659 643.801261 15
76 452.992544 405.231966 6
77 567.528215 312.708316 14
78 754.751129 684.426512 2
79 400.701306 833.474873 12
80 802.506580 178.625387 20
81 266.620500 555.439519 3
82 674.476491 307.368086 11
83 796.703313 168.695493 5
84 114.151802 200.746073 7
85 160.145873 427.036838 17
86 189.981113 22.516470 2
87 881.487706 495.373641 1
88 360.590276 63.145143 19
89 763.349711 63.419798 17
90 782.314706 315.582612 20
91 856.952514 81.423802 20
92 432.611331 226.207007 16
93 850.100333 498.225988 13
94 211.630277 119.291678 11
95 307.834235 709.525456 7
96 899.175014 826.538357 19
97 88.266516 245.414478 16
98 592.203074 343.010755 12
99 351.865287 433.025476 10
100 908.380804 42.058337 4
101 924.045301 144.084131 10
102 321.252921 819.991995 7
103 500.537972 507.246219 20
104 107.798936 306.857960 3
105 365.339260 308.299889 18
106 107.265417 95.317957 7
107 735.851381 119.081119 5
108 739.417737 912.221883 10
109 301.805482 501.753425 8
110 828.161275 598.885784 3
111 16.486274 724.682334 7
112 270.485374 80.003718 16
113 462.696597 383.686200 3
114 704.938363 801.101148 9
115 197.969351 451.858541 8
116 329.873065 247.550002 17
117 861.995885 628.261330 12
118 731.404544 439.967359 12
119 935.008867 101.845262 11
120 527.736397 707.611651 8
121 353.995249 345.555688 20
122 498.733383 554.692348 7
123 145.021301 679.566642 15
124 488.098982 544.100015 7
125 747.315460 694.597603 18
126 128.349313 177.458581 10
127 986.396353 303.854063 19
128 768.074859 9.708727 12
129 578.917565 447.587201 3
130 784.061913 869.813139 5
131 203.066121 301.581799 1
132 1.378928 435.249408 18
133 522.692487 525.081448 8
134 488.229456 782.932604 14
135 93.890258 185.240458 3
136 489.302732 244.583566 13
137 875.848771 481.518438 6
138 746.340361 194.492263 10
139 235.350334 778.215136 20
140 806.046731 108.591553 14
141 537.619772 734.401641 2
142 470.489726 804.924857 20
143 272.798967 171.513335 8
144 581.363078 946.757354 11
145 487.285411 148.108009 9
146 518.954737 823.647618 4
147 119.247099 345.770741 16
148 83.071995 380.895469 9
149 838.672389 504.826612 4
150 226.591673 842.649955 20
151 306.549625 50.273968 2
152 819.363666 339.153612 6
153 631.364470 914.249399 20
154 479.087882 796.185016 16
155 815.547600 982.676397 20
156 204.664119 168.287726 20
157 434.494174 294.588119 9
158 154.481749 779.779676 10
159 969.121572 99.657050 12
160 844.830481 606.109347 8
161 20.791207 704.625199 3
162 869.564704 432.347706 3
163 425.399435 258.246340 19
164 600.698070 898.415445 5
165 968.986794 270.428574 20
166 32.251767 520.078579 3
167 602.154700 380.380112 18
168 384.165448 760.670361 17
169 121.041512 429.845911 3
170 980.267624 945.907282 6
171 465.748639 384.879755 7
172 108.707451 649.279509 16
173 573.710424 523.307266 17
174 460.017171 627.301502 5
175 122.314892 505.420486 16
176 930.367135 782.985848 13
177 119.606357 149.989873 12
178 391.754864 878.637216 12
179 498.669558 984.640011 19
180 92.235709 928.175527 11
181 551.209121 450.923940 13
182 384.337849 737.710746 5
183 292.965778 669.814467 1
184 108.075218 664.535110 15
185 14.941227 382.779605 18
186 664.454807 267.702473 6
187 633.970031 40.701134 18
188 329.129117 13.534102 3
189 380.375965 692.578133 14
190 419.939551 387.836666 14
191 231.300316 903.960219 5
192 689.984964 134.856969 6
193 570.108107 120.231747 3
194 442.282400 116.493791 15
195 958.767263 238.811959 17
196 403.221503 475.874602 8
197 387.283031 158.309323 8
198 437.194098 115.989261 1
199 302.600095 232.629161 18
200 36.036552 820.544386 17
201 793.040723 74.300325 8
202 177.249662 490.174191 1
203 29.575020 602.983396 4
204 985.251073 39.307492 7
205 911.327807 974.506024 10
206 895.486503 464.112662 10
207 627.639936 20.815076 11
208 985.438216 67.494673 6
209 908.921302 724.533948 2
210 671.477048 899.702460 7
211 57.332098 614.768606 1
212 29.843911 6.172872 6
213 929.886411 872.342483 17
214 914.645369 773.385735 17
215 513.663102 752.469297 1
216 249.704142 333.512943 8
217 978.162139 635.197345 5
218 293.631059 970.520351 5
219 837.331192 659.048380 4
220 603.628009 956.943887 20
221 203.139757 274.291913 17
222 359.683499 814.456049 6
223 944.638489 398.361461 17
224 333.262494 600.320537 18
225 818.461084 22.850636 12
226 865.028051 279.242275 15
227 239.655926 531.757317 14
228 454.780293 18.348546 2
229 138.406622 73.496158 6
230 918.048437 583.720272 1
231 544.778974 338.419356 13
232 859.993175 387.857993 12
233 51.535829 417.318275 17
234 890.272680 840.606938 2
235 491.864084 78.508982 17
236 636.037227 730.492739 8
237 88.261857 956.243759 15
238 739.077611 7.785163 15
239 296.322104 673.513016 3
240 341.555128 330.996013 7
241 287.304544 886.812664 18
242 234.379067 711.496286 3
243 885.316668 520.638031 18
244 738.550281 359.952642 7
245 852.354750 227.762522 7
246 936.838376 20.606476 3
247 290.241755 873.094314 14
248 768.072473 61.830930 1
249 768.933510 983.483153 7
250 753.922273 992.556206 15
251 144.557371 71.847711 13
252 638.706859 957.857738 7
253 693.240891 35.459370 7
254 550.458196 872.214840 18
255 981.249674 141.727136 18
256 796.756885 349.354261 8
257 188.382563 605.358059 9
258 539.719532 986.673743 1
259 32.999725 252.698332 10
260 629.241260 512.113161 14
261 901.283651 113.845856 18
262 223.868037 477.109049 1
263 717.792171 111.376996 3
264 55.327852 591.410391 17
265 822.409646 729.015104 13
266 318.338372 244.577886 12
267 271.157453 852.578848 20
268 97.605603 984.056532 10
269 975.108961 51.283873 9
270 928.080702 477.182283 15
271 112.956610 777.319239 8
272 317.666180 637.270373 20
273 877.381950 100.291372 11
274 521.760779 226.723324 3
275 918.226814 412.410298 12
276 382.889544 107.347266 12
277 111.654301 618.257913 13
278 41.468295 226.390156 6
279 2.929285 107.238104 10
280 492.490770 112.164936 3
281 888.474479 913.888954 16
282 902.091158 442.835984 13
283 541.840025 158.579911 5
284 922.421426 119.759688 1
285 308.813599 605.169914 12
286 420.373923 458.006458 13
287 273.744763 590.559341 5
288 296.528417 816.368081 5
289 317.009435 957.786889 7
290 187.093356 463.850079 10
291 56.743721 409.567798 5
292 209.919533 34.550737 14
293 980.705728 684.439614 17
294 881.948543 879.086763 2
295 122.081254 71.026406 20
296 548.854581 339.637123 13
297 354.657396 770.433722 10
298 264.729636 911.871037 9
299 4.222070 590.379201 19
300 474.582098 499.934578 3
301 124.556072 483.993563 2
302 443.117690 336.746880 2
303 301.463363 167.121855 8
304 303.693026 392.637521 17
305 849.115079 826.573201 5
306 199.068714 54.918660 8
307 476.661063 950.500412 16
308 802.020384 635.410863 20
309 221.707431 508.120970 7
310 888.527462 486.313096 17
311 483.574017 894.847268 20
312 710.934876 786.007986 8
313 316.404562 427.082153 11
314 199.582478 707.954882 12
315 987.657013 89.787495 16
316 403.462662 648.723698 10
317 767.325733 409.128318 4
318 114.572598 419.477605 6
319 95.573143 80.677644 5
320 960.131736 642.450968 9
321 771.295838 994.647312 7
322 967.000623 493.906468 19
323 885.531452 930.836795 5
324 280.931862 119.808555 20
325 270.661249 368.429314 18
326 143.095338 815.752190 2
327 112.700541 198.818642 7
328 881.286337 794.500110 12
329 582.988998 376.588871 8
330 245.543227 835.794493 8
331 674.280729 922.325630 6
332 631.830781 891.374733 18
333 885.345456 272.032946 6
334 549.670557 513.775583 11
335 836.690677 267.016464 11
336 107.873710 38.621774 1
337 768.091017 138.228431 16
338 662.603549 395.637495 1
339 20.498739 366.750654 5
340 867.094696 514.063144 8
341 70.395053 197.671336 20
342 919.146310 824.510497 1
343 271.107319 560.723017 7
344 57.592563 990.992161 6
345 891.956445 949.864513 13
346 653.229518 13.206664 1
347 153.397042 974.070839 16
348 607.017504 962.940130 2
349 144.013635 316.233508 3
350 818.468400 942.933182 9
351 601.908771 404.237343 10
352 817.741192 735.583475 1
353 396.639141 353.883529 7
354 36.635048 127.452065 14
355 357.729103 885.001916 3
356 465.189117 286.293163 9
357 966.979787 241.015634 4
358 9.654913 986.954172 6
359 301.433076 135.430057 20
360 49.942722 703.195106 17
361 899.398692 792.401714 13
362 949.272405 102.329721 10
363 812.062254 600.845149 18
364 151.106793 103.777730 20
365 264.947487 394.887559 1
366 121.469660 496.397107 15
367 81.590399 767.934396 1
368 196.888992 34.441224 17
369 16.487836 107.093829 20
370 789.456794 900.702975 9
371 102.971885 745.381964 14
372 255.551764 886.790745 5
373 629.193352 416.282305 12
374 235.854680 269.762978 16
375 353.448209 606.272529 11
EOF
