# seed=7009
# generator_version=0.1.0
NAME : mock_medium_moderate
CUSTOMERS : 820
DEPOTS : 26
VEHICLE_CAPACITY : 70
ROUTE_FIXED_COST : 26.00
DISTANCE_FORMAT : COORDS
DEPOT_SECTION
1 128.208112 179.814317 1297.05 555 8
2 267.144884 166.303568 1024.27 537 7
3 443.255416 172.261008 1873.53 554 8
4 554.361015 176.238454 1404.71 528 7
5 723.466368 170.955605 807.80 526 7
6 857.077810 177.919795 1786.84 841 11
7 127.783420 348.984911 1910.31 307 4
8 269.422457 324.316391 1002.04 302 4
9 427.599141 330.691462 1142.00 170 3
10 568.395627 348.232102 1616.39 279 4
11 695.492303 333.745457 1350.65 263 4
12 870.891156 335.670980 1210.63 572 8
13 128.827626 493.877363 1420.78 555 8
14 299.957056 516.832353 1111.72 367 5
15 415.495726 485.519414 1556.79 529 7
16 569.320342 492.450835 1902.23 170 3
17 715.150902 482.047547 1351.07 387 5
18 837.395951 498.450084 754.15 566 8
19 151.639335 657.648474 1601.14 404 6
20 273.589686 670.600371 1650.74 370 5
21 426.510319 677.539576 1829.67 444 6
22 587.835107 665.570903 979.71 917 12
23 725.748724 670.010233 664.30 781 11
24 870.312766 658.619852 1306.08 960 13
25 158.919816 826.638000 1833.35 666 9
26 289.171869 827.087852 1580.25 805 11
CUSTOMER_SECTION
27 467.056089 423.380141 4
28 385.823854 570.539155 8
29 362.972913 35.556859 13
30 716.938510 886.071929 6
31 418.990207 620.346979 20
32 272.882760 671.323220 10
33 453.908206 921.592422 9
34 258.224151 963.707166 14
35 567.479475 734.571164 14
36 732.798597 39.671136 10
37 411.137069 746.131843 3
38 602.705268 783.964681 18
39 621.580850 371.439936 19
40 826.452383 128.903342 17
41 185.624712 881.682576 1
42 689.001351 67.876981 12
43 641.021378 997.902341 13
44 623.761555 692.584903 6
45 111.056565 202.520506 20
46 849.956699 414.084288 20
47 717.463594 610.753279 6
48 327.354626 352.473556 17
49 177.955534 78.481676 3
50 7.044303 76.818156 15
51 961.468921 940.129464 11
52 945.494246 688.926206 19
53 421.799398 372.502284 16
54 75.874524 845.447740 8
55 73.209479 295.441198 13
56 132.910355 564.882104 19
57 435.499498 524.504820 10
58 456.308207 417.853047 15
59 28.959400 480.105055 19
60 854.491883 430.724871 18
61 92.120747 976.203093 17
62 382.659051 564.982878 1
63 222.646630 721.270540 3
64 34.847851 483.661930 17
65 646.626032 701.050629 1
66 466.754352 398.029780 10
67 469.113167 90.869735 17
68 164.862339 893.177411 1
69 615.944498 931.296913 15
70 984.999922 182.640017 15
71 225.434391 481.938894 18
72 226.115734 183.973774 5
73 464.378343 614.595783 8
74 306.949467 173.317815 15
75 74.494464 784.106169 16
76 162.266749 346.382196 19
77 517.560104 213.456918 15
78 433.960913 468.414575 10
79 611.102451 472.145814 6
80 522.350685 410.859795 1
81 879.831537 569.686127 14
82 863.006255 419.095404 9
83 695.229768 756.649081 15
84 77.087135 888.540963 15
85 151.715667 719.787168 20
86 546.403086 892.900451 12
87 423.558319 983.717713 11
88 602.567757 31.585112 1
89 562.149493 489.742746 11
90 646.981096 54.648293 3
91 451.705576 589.681717 14
92 245.041023 547.320293 14
93 178.266920 631.658397 4
94 586.922872 327.530498 4
95 953.299348 513.708015 7
96 980.473047 488.191043 14
97 458.886873 783.977178 7
98 984.758289 95.774679 2
99 610.211271 948.938092 7
100 801.667055 530.546626 13
101 71.310660 919.840659 18
102 51.097229 69.127663 20
103 321.222480 619.049802 10
104 997.150606 596.888210 20
105 136.768174 193.364060 9
106 51.690959 945.582578 8
107 913.233324 334.631820 9
108 179.068621 950.948222 6
109 352.090332 350.645106 8
110 65.200930 231.369678 6
111 144.134942 425.776167 17
112 864.625731 520.360697 11
113 903.078907 893.127447 4
114 107.338694 913.461659 19
115 553.727049 738.704308 10
116 943.493285 297.994518 8
117 995.144839 170.730857 20
118 879.397678 544.597476 2
119 782.163819 323.853762 9
120 708.953981 452.967589 6
121 126.701300 654.935709 3
122 846.544890 620.935371 16
123 571.560696 888.534695 7
124 470.913581 461.133721 1
125 242.674917 282.009169 18
126 514.617211 668.389066 17
127 473.602921 753.812947 20
128 613.033662 425.921072 12
129 786.872906 281.826903 7
130 50.683475 911.388480 13
131 381.952087 214.998490 12
132 222.779365 170.638936 15
133 768.673244 975.074060 10
134 545.619466 893.891541 6
135 397.938287 514.456141 9
136 942.517513 474.418396 2
137 275.476758 131.060371 5
138 292.250832 120.171348 1
139 966.680019 544.362612 12
140 718.252694 985.866013 4
141 960.442942 659.359826 2
142 492.005092 720.821817 16
143 724.776961 457.818558 9
144 313.573571 196.408431 8
145 86.559047 931.522361 5
146 890.510424 705.839974 4
147 56.553138 955.416731 11
148 560.165737 236.670276 13
149 333.452478 740.930579 16
150 995.648636 921.870877 18
151 149.818179 739.273617 13
152 992.227906 572.955898 11
153 731.510153 273.672306 7
154 598.466683 865.729723 18
155 53.571018 464.583363 1
156 578.399165 731.214815 7
157 740.095475 433.684235 8
158 222.490478 191.416736 7
159 926.274113 720.471384 6
160 955.169585 623.885379 17
161 523.314547 39.782695 18
162 720.103904 452.473174 17
163 383.506250 786.293959 7
164 87.910014 481.208187 11
165 95.802263 771.135223 11
166 905.577637 316.232491 18
167 132.984870 820.191441 8
168 291.256868 393.206105 18
169 91.922994 762.227689 17
170 924.364594 984.758482 16
171 400.899322 269.960420 13
172 836.284305 790.382573 3
173 89.378872 99.339779 17
174 849.276498 549.341366 20
175 266.307037 542.083226 10
176 774.489836 182.655754 11
177 579.047434 225.634693 5
178 39.163997 922.311826 12
179 785.017576 141.424954 10
180 978.137546 616.921855 11
181 384.808626 361.857617 9
182 250.343184 657.095760 15
183 669.415983 142.849006 8
184 446.754227 238.870056 16
185 637.231607 101.053412 12
186 456.614093 166.567582 6
187 333.563650 344.775535 5
188 582.587766 286.289187 12
189 679.568250 529.071567 8
190 701.896557 354.044812 2
191 140.298784 523.474118 1
192 796.639431 436.383436 11
193 214.247488 530.037753 20
194 425.536291 118.671142 8
195 230.708496 441.238990 8
196 328.366237 259.011634 5
197 262.238144 740.567428 19
198 498.612951 985.049743 10
199 916.330083 134.688604 20
200 526.282696 896.381576 16
201 925.618302 740.669392 5
202 941.877431 468.271789 3
203 462.050256 698.287463 17
204 71.138919 269.102206 6
205 469.837467 526.279442 14
206 821.713711 103.249608 19
207 748.728627 479.627972 20
208 563.566171 498.239222 7
209 303.234837 906.736693 2
210 64.275233 36.424061 4
211 12.318200 526.175011 11
212 757.640795 908.298600 20
213 797.064129 352.563846 7
214 86.208917 874.996488 14
215 965.459434 644.959445 5
216 271.953892 837.589097 5
217 443.117018 2.357571 10
218 361.183960 708.570632 16
219 674.342502 814.547332 20
220 789.487121 59.362372 7
221 197.862192 138.864461 20
222 671.302794 92.788701 15
223 712.164628 726.811503 12
224 271.234977 952.571283 1
225 123.330377 403.693379 15
226 4.504402 753.238084 2
227 32.374758 355.103453 11
228 291.419475 428.450410 8
229 522.446163 300.909491 5
230 514.187600 184.195783 16
231 527.541087 165.227559 17
232 114.233626 14.611564 7
233 743.648124 638.752135 7
234 619.791580 407.368691 18
235 199.625241 555.489289 8
236 285.106482 358.325594 9
237 648.589176 458.734108 5
238 217.344303 707.593431 6
239 996.018323 131.131016 12
240 484.358282 170.348718 18
241 929.454706 409.698606 20
242 610.144784 783.437795 7
243 19.573884 656.870662 10
244 215.778022 231.869401 16
245 822.711084 211.362507 12
246 965.557419 320.925688 19
247 821.411886 284.421182 19
248 107.036936 611.932051 7
249 771.530317 328.114876 1
250 813.794308 23.293919 6
251 903.974242 119.892879 19
252 221.504895 70.123521 4
253 825.872510 104.562322 17
254 332.648918 447.094998 8
255 312.875637 352.246050 1
256 379.226998 92.299488 11
257 339.109693 917.348650 2
258 387.131140 930.169773 3
259 235.205107 516.456155 13
260 683.430508 575.863211 16
261 675.432569 998.153926 6
262 807.896876 770.221513 2
263 496.466502 724.951322 14
264 720.101826 219.310919 14
265 395.630655 45.001480 18
266 973.842644 98.600771 8
267 954.048452 563.830825 18
268 401.176042 897.865731 15
269 966.300799 377.874839 19
270 420.701546 134.828823 2
271 288.378935 247.328556 4
272 642.398599 795.601615 11
273 154.248802 887.604366 17
274 490.753389 993.764728 5
275 140.863290 53.145697 12
276 365.825792 798.620572 8
277 513.318749 999.326174 4
278 932.932330 519.318694 17
279 912.124350 678.274770 20
280 117.518866 208.347162 16
281 384.924765 63.693509 2
282 640.992716 679.801295 8
283 904.643638 529.553337 3
284 258.595820 526.766398 10
285 214.549762 464.294797 6
286 120.421581 153.617566 11
287 301.456173 527.772060 11
288 275.183672 369.940641 8
289 808.811079 493.024444 6
290 923.383865 595.178840 14
291 554.430277 409.057930 19
292 278.758419 621.387144 10
293 396.660239 936.095827 17
294 576.896124 909.966086 16
295 528.883753 895.656824 2
296 346.809905 196.263359 15
297 119.311623 594.068912 9
298 337.950708 107.408998 11
299 827.555069 984.423223 10
300 990.121433 88.702065 17
301 105.428204 641.466949 11
302 751.657136 246.711507 1
303 859.572627 486.012153 7
304 83.263046 104.404547 8
305 714.318572 418.040411 13
306 848.346764 223.257097 3
307 887.176840 815.169313 9
308 491.320222 501.642001 15
309 451.613705 104.522971 16
310 353.824952 83.666317 13
311 913.161725 283.162237 7
312 909.487699 168.220817 18
313 602.564798 878.780107 18
314 331.790260 306.059977 9
315 990.560265 673.527483 13
316 932.829205 428.656273 10
317 61.996906 622.302277 14
318 474.625363 48.185251 4
319 230.865236 553.841735 7
320 857.959122 638.641801 6
321 526.789009 67.460560 16
322 300.627197 286.934191 18
323 422.260707 224.026945 10
324 73.601788 998.574911 16
325 403.092468 525.483208 15
326 333.975133 438.913408 13
327 201.703030 438.287698 13
328 745.691168 620.874835 12
329 966.128544 928.973253 15
330 878.819621 743.124600 16
331 462.456671 976.736969 8
332 376.954644 813.281227 1
333 78.768652 328.859490 13
334 881.707722 299.428054 3
335 671.235693 450.719849 19
336 705.611685 684.612906 8
337 833.593407 386.737963 2
338 212.278198 663.853659 11
339 860.440842 805.153336 19
340 266.054772 288.547814 7
341 321.710892 950.910592 19
342 546.311375 764.973914 20
343 223.437321 283.582440 19
344 780.479660 902.192956 15
345 237.581383 159.701749 6
346 446.627520 451.622511 4
347 506.473676 856.928091 8
348 904.036319 46.884204 8
349 79.510904 489.600910 19
350 906.999869 214.223020 8
351 509.488739 4.764188 12
352 87.910582 925.999604 15
353 977.922119 667.860397 4
354 537.600827 200.853420 15
355 534.934405 662.696829 14
356 535.192952 258.550679 6
357 747.474675 178.981117 8
358 645.417858 48.967613 11
359 312.000669 691.633364 1
360 945.230858 9.928223 17
361 121.545720 505.547051 15
362 943.227844 914.306979 8
363 716.473781 609.744402 19
364 703.001431 97.754814 7
365 70.746284 349.982830 19
366 211.559622 253.190743 16
367 465.549779 926.173854 18
368 572.401272 86.122926 4
369 732.302118 610.389604 1
370 869.158891 198.232358 13
371 655.904000 756.517019 16
372 556.938122 60.530100 7
373 829.084857 958.856933 10
374 304.071782 884.914257 5
375 198.446323 669.492334 4
376 789.622352 375.993633 17
377 618.410391 453.375042 1
378 826.968700 258.044672 17
379 655.164298 82.872080 1
380 470.195048 960.754012 13
381 950.605730 75.399587 16
382 64.786415 41.760132 12
383 169.939067 625.462035 12
384 465.724352 953.700772 7
385 130.317217 531.121244 20
386 555.147079 156.385594 15
387 763.657262 517.199634 5
388 156.835554 653.451922 19
389 969.492212 734.865994 18
390 986.935450 992.323351 12
391 642.089655 792.992501 14
392 723.844788 971.571566 9
393 465.087544 156.624114 17
394 589.557015 231.553624 15
395 792.400492 542.540968 15
396 146.859050 662.224408 10
397 497.860324 980.683430 10
398 326.221337 152.858640 5
399 67.151762 28.814066 1
400 10.226186 509.771766 2
401 191.178451 915.802482 4
402 418.398368 240.300823 17
403 946.259424 538.794948 8
404 684.524357 665.002185 4
405 374.563881 779.579404 6
406 887.963112 554.135921 9
407 51.773896 469.531387 5
408 983.803993 134.137391 12
409 575.677321 248.048669 6
410 777.053335 632.339853 17
411 64.588690 204.233797 16
412 761.433827 495.711634 6
413 682.536188 954.172981 14
414 75.975238 572.520647 13
415 285.317491 723.087851 5
416 883.676634 61.515432 4
417 612.559216 823.329854 15
418 157.114570 150.114243 10
419 271.789654 193.943812 7
420 977.363515 31.368779 3
421 656.983712 419.474182 10
422 566.372236 602.720105 16
423 724.721463 347.403806 10
424 364.821028 658.139026 2
425 337.451687 932.426465 7
426 148.229702 195.784687 17
427 515.942778 466.891262 17
428 84.797610 210.927647 12
429 74.450386 268.562126 11
430 795.401321 69.447061 14
431 592.688434 710.923413 11
432 439.000847 330.168281 11
433 891.206409 58.269975 13
434 955.355779 704.648141 2
435 644.166268 931.095212 7
436 35.771317 229.538380 9
437 8.717418 703.623673 17
438 936.627465 413.580630 9
439 263.651765 407.238305 13
440 149.151567 754.171887 15
441 307.607966 761.557568 4
442 618.844180 851.236166 4
443 868.342110 471.558669 1
444 975.753416 82.768361 1
445 184.847210 336.484406 17
446 892.415160 10.381506 2
447 29.510711 438.042401 19
448 336.781673 730.681751 8
449 977.474029 344.395949 14
450 514.798815 861.244302 7
451 508.732096 378.889704 15
452 69.729097 659.585655 15
453 227.282030 424.535721 12
454 185.271111 296.541664 9
455 601.172103 201.954678 2
456 740.997220 326.275533 6
457 414.970173 775.468247 14
458 878.270406 602.408906 15
459 989.439561 243.850351 9
460 413.349246 121.926212 2
461 982.058762 501.684948 3
462 739.612225 964.226714 8
463 577.235071 121.568558 17
464 59.666753 425.043585 9
465 609.131290 279.495991 20
466 189.476810 106.886946 5
467 14.221329 327.393546 13
468 257.277139 84.482052 16
469 98.968167 261.267813 1
470 983.507504 980.497194 10
471 707.497621 429.805958 1
472 464.918430 39.782521 5
473 479.449059 902.023630 10
474 315.961536 320.061244 15
475 90.365187 473.821673 3
476 192.306659 435.074350 3
477 298.536142 901.547852 19
478 206.973334 4.374570 6
479 317.399849 808.575632 20
480 392.681851 142.169868 9
481 915.625163 238.426123 1
482 121.526345 796.746107 9
483 209.429942 47.496938 1
484 333.636625 918.299772 5
485 746.360648 591.649280 15
486 539.853685 834.020765 7
487 514.478341 775.604500 2
488 676.166467 665.064420 8
489 314.999205 624.817995 8
490 620.487991 95.238558 1
491 398.182080 537.610131 4
492 275.596015 854.171257 19
493 311.033456 867.496621 11
494 878.126316 200.726449 13
495 751.051538 492.000317 9
496 315.280415 3.014585 13
497 876.030521 914.765992 16
498 308.857220 6.077084 13
499 342.435807 427.155310 11
500 585.776814 562.092161 7
501 142.114836 674.106092 7
502 811.228868 144.785843 3
503 396.018077 932.394782 14
504 770.840095 344.773451 2
505 307.106744 442.326709 7
506 724.910886 720.362935 18
507 762.329546 342.033964 20
508 679.350849 238.643925 1
509 30.184111 824.631186 20
510 726.400561 579.703698 2
511 163.186327 307.263335 12
512 414.426329 168.933214 19
513 926.446843 553.655903 5
514 988.429167 119.780878 1
515 490.453808 799.806066 6
516 728.446503 138.157299 2
517 212.822887 527.571995 19
518 975.021058 165.434063 16
519 646.737702 158.799370 16
520 787.329355 983.066470 1
521 673.530690 816.655890 5
522 255.684785 965.188549 9
523 665.823155 145.200812 19
524 675.981505 508.699775 15
525 251.422503 40.788733 13
526 919.590810 261.478009 2
527 579.627049 966.661408 11
528 81.771774 750.632437 10
529 813.705496 801.029858 7
530 28.955324 756.024115 19
531 830.953324 574.003487 6
532 78.837726 153.892978 1
533 610.558829 252.950507 15
534 692.033575 968.116467 20
535 919.606063 959.228009 1
536 174.766693 662.512226 9
537 105.508354 322.149943 8
538 657.478269 583.341417 18
539 561.959682 307.532433 12
540 23.721557 30.837785 2
541 468.954358 539.819582 20
542 561.640835 893.873063 19
543 649.042129 632.460195 10
544 107.299091 483.826971 6
545 581.465134 278.327870 8
546 780.641718 58.947153 10
547 715.432850 650.610932 17
548 79.419170 987.695416 7
549 294.136787 534.702611 10
550 95.420179 448.548473 17
551 191.958644 674.141252 20
552 881.073261 54.797560 16
553 284.423449 405.304965 2
554 803.443815 19.903636 10
555 246.800822 657.678296 19
556 36.513680 811.728535 1
557 806.179236 253.761314 16
558 966.750185 265.489277 10
559 599.525091 993.854784 9
560 121.309306 797.508117 1
561 769.461923 346.652499 13
562 319.566124 459.831815 8
563 669.220442 795.281780 13
564 553.683389 171.975604 12
565 809.237419 430.589793 18
566 805.502143 937.236012 9
567 288.154291 436.542321 20
568 154.760164 455.819587 20
569 572.402957 230.449439 12
570 617.379333 584.440527 16
571 605.993103 761.903118 1
572 246.297525 537.444644 19
573 808.200837 155.631280 3
574 192.965158 40.229717 20
575 695.448596 52.988865 11
576 222.503632 777.162906 4
577 488.125113 743.257113 12
578 97.133565 838.027886 13
579 884.030686 507.950022 3
580 794.967829 594.629474 10
581 750.140273 206.133552 20
582 420.053564 830.874443 12
583 648.116161 616.473047 19
584 813.725675 957.511734 20
585 181.328642 448.316475 18
586 729.798148 137.628602 11
587 901.223252 397.970994 5
588 324.316046 259.791604 3
589 536.161321 745.646897 14
590 458.422432 980.808064 18
591 941.178503 658.272395 14
592 311.281668 953.525375 16
593 308.529615 638.451471 5
594 605.497971 582.400258 12
595 804.416187 280.752909 14
596 266.180120 926.198197 15
597 809.656788 2.179388 4
598 758.282354 973.983588 5
599 528.089286 995.578885 11
600 499.840420 629.758507 15
601 184.756036 77.544596 1
602 387.264209 496.985228 19
603 828.724802 639.550063 20
604 373.444887 430.788767 20
605 511.272796 303.074604 5
606 255.134021 834.761473 16
607 838.504021 909.747233 13
608 552.160933 949.932172 20
609 569.015200 314.692975 10
610 354.341431 100.273264 19
611 173.825213 449.365777 7
612 927.016345 708.078039 11
613 758.245797 526.047436 17
614 182.658862 688.701415 12
615 335.824226 946.654084 18
616 286.829492 424.974397 10
617 544.138551 692.476488 18
618 75.117516 64.538576 19
619 113.897584 207.763269 15
620 381.047057 899.575121 13
621 984.715739 693.631715 17
622 225.627865 184.489668 11
623 440.961867 456.100520 5
624 490.516076 436.829798 15
625 685.605165 435.403463 4
626 720.937068 198.093587 12
627 489.471093 193.767107 10
628 655.687161 84.441646 6
629 118.161875 829.493768 19
630 905.459574 527.041016 10
631 872.201053 196.749712 8
632 964.468758 919.455217 19
633 464.676713 646.441262 19
634 768.995410 714.801850 8
635 392.436663 419.251013 15
636 772.026894 425.500210 4
637 74.244505 561.096186 1
638 765.773774 491.042117 6
639 913.775624 313.956093 4
640 808.451451 456.541709 1
641 988.858020 855.551675 1
642 267.808940 592.615231 13
643 966.394490 89.068628 18
644 466.252783 57.330980 7
645 368.607004 480.436162 18
646 597.643422 954.431632 1
647 541.985379 46.182899 12
648 780.073333 485.502854 10
649 462.765731 791.252350 3
650 808.168959 660.513201 3
651 520.571807 855.990197 19
652 75.226329 512.817655 13
653 298.699158 2.246922 10
654 580.888221 61.520981 7
655 621.396261 203.816070 19
656 986.793496 851.452704 16
657 653.685346 571.199224 1
658 692.831883 254.996535 13
659 728.951887 628.313759 4
660 183.061201 270.007623 11
661 747.022444 369.235732 13
662 863.908552 833.412579 9
663 568.893785 183.932713 16
664 813.575799 437.318815 19
665 384.161562 580.314864 10
666 121.861444 486.187578 6
667 368.640638 51.060617 13
668 12.813027 639.907993 17
669 929.462433 704.272319 14
670 499.645912 92.999263 16
671 932.292562 663.491474 15
672 504.959324 160.549728 9
673 415.175390 910.253662 3
674 3.976366 123.899137 5
675 899.294824 272.701095 12
676 983.711689 100.462691 20
677 722.389468 350.047501 4
678 385.064336 512.071669 3
679 304.422693 559.041358 9
680 220.977654 619.520964 15
681 762.278537 47.225826 18
682 566.433155 89.895076 3
683 609.113075 147.762146 14
684 445.318376 358.596246 8
685 873.673768 384.283267 4
686 442.013923 227.764353 1
687 598.796601 560.357340 4
688 955.841645 74.970658 2
689 291.192160 215.518163 8
690 267.413371 603.969757 15
691 304.925634 653.521884 6
692 213.620881 697.017482 8
693 835.145304 353.106062 6
694 928.497701 390.940112 20
695 618.311086 169.953252 4
696 109.224700 75.083440 7
697 755.333003 445.666969 16
698 989.103820 414.631306 7
699 554.030129 486.657957 5
700 388.271302 428.110017 20
701 154.057531 918.009371 3
702 511.945557 647.054908 15
703 873.728579 113.211526 2
704 30.385069 738.967306 11
705 463.359472 128.806496 12
706 655.580765 498.002166 10
707 57.722974 945.361421 5
708 669.695065 588.186785 19
709 159.635694 445.137068 6
710 737.267851 415.220018 14
711 627.292590 580.391344 6
712 407.725874 864.934304 10
713 703.488928 600.033739 20
714 124.087759 269.351620 6
715 488.760800 437.652125 12
716 858.192118 822.729193 7
717 260.808646 752.530771 10
718 513.953662 384.363209 18
719 195.043921 334.874434 17
720 408.817406 233.979444 2
721 819.084938 24.301907 17
722 657.970182 645.477448 15
723 886.278799 427.209834 13
724 913.854011 499.676577 2
725 606.258083 663.702987 16
726 593.547635 409.075200 18
727 921.816459 148.129182 9
728 397.180576 445.425000 11
729 162.497099 254.534716 18
730 870.333565 537.578651 10
731 161.837504 996.695785 13
732 921.562787 546.232336 9
733 420.495898 751.783808 12
734 900.487982 327.622062 3
735 819.493093 542.390317 19
736 241.810008 826.141021 18
737 485.028040 135.923465 18
738 723.161399 272.431827 18
739 358.435409 612.179543 3
740 841.901848 656.640357 16
741 272.499823 199.865725 16
742 615.567334 699.549910 9
743 170.573273 893.365916 9
744 850.337272 934.557638 1
745 30.991804 690.596291 3
746 451.473323 535.020676 10
747 343.833709 411.041869 17
748 668.344099 869.270951 12
749 796.740912 20.303761 18
750 522.305247 881.321313 10
751 589.656966 971.294312 1
752 509.525751 998.532914 18
753 468.017061 109.540313 1
754 679.892077 327.925842 17
755 977.704684 38.312903 19
756 239.729959 685.869757 7
757 752.531465 13.490159 3
758 729.427520 618.268307 14
759 153.329833 377.306304 2
760 401.291056 27.999217 10
761 495.254322 101.942656 2
762 916.295640 289.692860 12
763 700.531568 43.668582 1
764 375.287123 34.207925 11
765 732.230283 950.303708 1
766 932.563755 311.753053 17
767 875.095460 910.474523 11
768 741.179938 97.880895 16
769 55.473140 91.723490 1
770 456.682441 948.797184 2
771 758.410737 928.271894 13
772 418.910134 366.613216 6
773 891.124260 249.430953 20
774 411.739805 678.099304 8
775 913.402372 273.500047 17
776 298.137719 167.039489 16
777 40.783373 512.703322 12
778 827.574485 358.130781 3
779 938.187890 180.410534 11
780 445.872743 521.846518 9
781 555.616314 516.763435 6
782 695.448512 673.383424 16
783 623.381625 844.530946 19
784 501.940248 125.682015 6
785 18.903682 579.861240 6
786 193.942350 134.223437 6
787 220.621501 185.584439 18
788 515.531471 797.322012 2
789 883.343448 475.781839 16
790 752.324273 139.412093 14
791 21.865820 606.384032 8
792 214.415841 963.095188 2
793 111.429167 561.182549 15
794 815.483149 297.567691 11
795 545.758704 924.670557 19
796 611.540792 478.133721 12
797 110.183141 507.544916 8
798 346.508847 715.997547 13
799 767.817294 352.525074 8
800 860.311518 502.178211 2
801 848.597876 249.986559 18
802 333.137905 653.608468 20
803 186.634709 874.901571 7
804 39.116091 904.861208 4
805 543.824521 869.802654 15
806 667.773465 393.454538 12
807 446.117589 942.157431 13
808 859.353179 899.076106 20
809 82.850413 948.900994 10
810 129.796425 9.236624 11
811 887.707322 560.016744 12
812 737.891242 941.747586 3
813 505.435334 492.835422 5
814 138.473629 259.492430 12
815 715.902504 346.528485 18
816 321.869192 644.856213 5
817 123.110525 935.753143 14
818 318.145367 791.566467 20
819 843.884375 378.558701 20
820 486.372585 217.345335 14
821 374.071174 589.918821 1
822 155.965140 170.668414 16
823 712.670709 880.006230 9
824 875.161376 381.511523 2
825 155.585127 168.677687 5
826 699.612684 200.545524 2
827 388.133004 560.202368 13
828 261.123980 625.286417 7
829 741.214914 174.227769 6
830 758.379103 464.356020 16
831 401.763818 61.346371 16
832 772.568616 698.379745 19
833 52.103429 233.987555 8
834 131.245369 255.860482 14
835 603.908958 463.292012 19
836 925.798643 472.389556 13
837 457.115730 384.524896 18
838 532.524198 232.308698 7
839 829.732026 630.142553 3
840 498.927393 639.798408 15
841 415.285713 251.662784 13
842 260.089938 45.102718 15
843 601.757760 121.094891 11
844 739.885214 213.362151 8
845 423.781646 408.313715 11
846 700.087350 121.374700 9
EOF
