# seed=7010
# generator_version=0.1.0
NAME : mock_medium_tight
CUSTOMERS : 900
DEPOTS : 28
VEHICLE_CAPACITY : 75
ROUTE_FIXED_COST : 30.00
DISTANCE_FORMAT : COORDS
DEPOT_SECTION
1 166.431359 289.787597 1987.05 302 4
2 711.085299 494.399710 1891.55 265 4
3 834.711567 835.159459 1275.22 795 10
4 88.440071 225.237494 1637.77 471 6
5 821.414134 982.083554 893.26 243 3
6 911.877310 220.908978 1160.32 278 4
7 318.871792 0.000000 1851.88 471 6
8 895.746494 844.801871 1842.39 212 3
9 236.899454 316.886923 1268.72 528 7
10 733.730058 561.280080 939.34 171 3
11 905.071175 818.467382 1673.79 315 4
12 49.265156 174.976874 743.31 181 3
13 805.142693 965.347580 1217.55 1011 13
14 914.698903 157.930449 859.71 731 9
15 332.638878 65.207709 1086.39 262 4
16 960.649553 911.678238 1718.96 465 6
17 193.729993 216.356374 1357.64 391 5
18 732.800901 578.840175 998.25 243 3
19 912.865091 763.429425 1857.38 390 5
20 123.138223 150.349511 765.91 455 6
21 840.299338 957.346892 1394.58 127 2
22 926.038408 216.184180 907.83 250 4
23 339.584525 0.000000 910.98 283 4
24 883.917390 899.670200 810.63 220 3
25 222.148657 275.519419 1621.94 204 3
26 757.509650 600.345753 1178.15 554 7
27 867.463553 710.423437 1788.82 520 7
28 52.183425 147.311144 810.24 219 3
CUSTOMER_SECTION
29 612.426962 911.045534 3
30 750.461438 208.695592 3
31 800.926420 1000.000000 16
32 875.508238 84.766222 10
33 233.853603 346.100668 15
34 169.635760 0.000000 10
35 910.663136 70.355390 9
36 673.965042 1000.000000 18
37 794.086676 710.631110 16
38 962.626544 798.962476 8
39 908.803898 861.529329 10
40 958.419989 1000.000000 8
41 921.619308 126.559783 15
42 917.550305 725.734057 17
43 122.218472 236.069889 8
44 292.776799 330.924699 4
45 81.161828 256.097749 16
46 710.036194 806.482319 17
47 841.236403 914.769561 2
48 1000.000000 156.670626 7
49 187.359710 350.576475 13
50 0.000000 90.053146 11
51 890.293586 843.735302 20
52 642.941760 528.266674 10
53 972.370307 213.680723 15
54 651.468926 448.373535 14
55 867.926770 741.916556 19
56 1000.000000 826.437302 7
57 880.698894 557.213749 9
58 809.318627 209.796811 14
59 652.271851 1000.000000 17
60 912.903848 801.149580 20
61 0.000000 359.501471 10
62 55.554086 190.044937 15
63 41.778916 141.099470 15
64 975.578029 285.250474 8
65 757.937408 957.982671 2
66 175.898947 468.879459 10
67 926.712816 743.221692 13
68 323.414874 0.000000 9
69 67.733200 182.394525 4
70 752.532856 689.963028 7
71 944.704037 0.000000 12
72 529.978797 656.091283 17
73 315.367715 73.533710 10
74 243.832022 131.039810 16
75 911.956116 671.579330 11
76 849.395063 994.040267 3
77 910.651815 847.530615 3
78 329.461962 0.000000 2
79 696.340075 735.094023 20
80 284.405075 0.000000 2
81 85.468550 287.922950 2
82 607.463344 920.359219 3
83 737.354362 526.215882 13
84 821.374938 966.789518 13
85 815.835922 885.754395 12
86 413.142282 69.080402 3
87 791.441547 689.245159 20
88 302.466453 83.619703 4
89 164.844971 147.359107 14
90 783.203815 706.244073 8
91 1000.000000 835.282054 3
92 777.217556 220.929792 16
93 809.039718 842.635223 9
94 951.536178 676.776428 16
95 666.224318 960.402653 5
96 421.073438 0.000000 19
97 742.245944 985.638311 18
98 173.426319 204.840886 18
99 153.955190 177.483158 20
100 871.144533 789.041964 3
101 943.722612 224.237119 1
102 970.414077 204.192155 3
103 43.867928 349.619420 1
104 277.614296 330.927042 11
105 120.675018 475.295242 16
106 904.621095 213.810953 17
107 400.448431 0.000000 10
108 779.495350 1000.000000 19
109 1000.000000 781.084876 17
110 139.895763 341.410651 12
111 625.090071 993.020701 6
112 876.765664 853.651479 5
113 1000.000000 297.357314 5
114 154.304381 209.928855 4
115 249.754329 387.256301 9
116 130.693861 232.231583 20
117 754.038932 541.672397 4
118 810.875497 825.553798 12
119 0.000000 264.250966 15
120 69.570217 315.075680 17
121 887.147932 701.904072 4
122 779.931226 884.131345 10
123 983.503701 197.971417 19
124 861.249455 762.162819 12
125 659.765344 947.833064 9
126 635.423713 1000.000000 10
127 873.666113 854.601456 15
128 263.118245 132.883220 6
129 247.221970 296.914413 18
130 496.642938 0.000000 14
131 1000.000000 956.764014 4
132 896.781659 848.737057 12
133 286.499549 71.155836 20
134 208.328918 0.000000 11
135 857.721340 848.373576 1
136 189.850247 268.950808 2
137 148.418383 223.088047 10
138 336.324424 279.622165 13
139 136.250011 177.775865 17
140 852.205681 724.896357 16
141 766.912482 969.503411 16
142 347.345026 0.000000 2
143 213.099626 186.262107 15
144 954.482038 154.191412 7
145 749.798437 1000.000000 2
146 852.081372 53.254374 7
147 780.480804 948.091855 14
148 255.058505 13.899290 5
149 157.581244 362.720545 12
150 755.063647 572.923082 3
151 904.410568 853.506592 16
152 978.426563 220.427342 7
153 219.907331 207.684710 2
154 275.070612 0.000000 19
155 861.823760 890.308748 11
156 647.282003 463.340965 20
157 377.624075 0.000000 9
158 794.333976 995.527478 3
159 837.886242 210.956227 5
160 907.486911 82.651934 16
161 910.275834 146.444700 4
162 862.112681 1000.000000 18
163 942.553819 55.909563 9
164 274.838935 118.375758 13
165 968.229777 857.626469 18
166 907.351851 348.031455 5
167 109.508635 215.143853 13
168 989.635597 769.951767 2
169 650.939701 444.639433 2
170 151.938261 27.536787 5
171 63.173310 151.632178 13
172 874.709280 812.066173 17
173 313.920033 61.784226 9
174 54.732159 181.720705 20
175 0.000000 68.473590 19
176 697.745590 1000.000000 15
177 822.233327 985.601259 18
178 770.488175 1000.000000 1
179 841.345931 102.929704 12
180 823.450629 624.900750 12
181 242.313320 70.394865 14
182 57.663764 254.411182 16
183 742.538702 287.640669 13
184 869.016483 922.423055 19
185 899.457165 159.610655 14
186 32.923656 110.609735 11
187 341.490922 103.306274 4
188 731.405723 721.385869 2
189 162.175994 21.745342 9
190 860.993182 578.685567 16
191 814.248561 874.822688 12
192 370.273409 137.335042 2
193 215.590937 264.255382 6
194 238.812351 369.920947 12
195 563.179961 503.101288 1
196 40.735824 343.061747 8
197 156.186653 245.092091 2
198 935.873950 205.742150 6
199 718.247166 611.094656 4
200 232.511980 343.302093 14
201 83.263364 94.995488 16
202 203.341307 75.363027 3
203 779.987460 604.343851 9
204 740.412204 542.562926 16
205 899.714073 147.761346 12
206 944.734694 833.052058 2
207 827.711718 825.852518 19
208 794.289900 793.585361 6
209 395.868643 0.000000 14
210 174.980034 281.995771 15
211 405.462963 0.000000 9
212 703.964602 545.042566 20
213 690.918672 524.689452 5
214 842.623385 707.465030 18
215 685.382392 930.272327 8
216 70.944411 81.948732 19
217 880.523230 963.717786 1
218 917.829635 126.815701 10
219 113.492051 106.460945 9
220 585.244575 585.024990 17
221 128.424567 18.040979 6
222 794.180908 584.260877 12
223 925.958778 811.893493 9
224 16.946380 229.624826 9
225 157.554368 268.526805 11
226 846.865498 151.858761 20
227 753.365413 901.156141 6
228 772.024151 615.424444 11
229 740.923211 885.151579 6
230 782.080053 792.997579 5
231 163.710613 0.000000 2
232 857.597773 971.054508 14
233 879.144527 68.466561 4
234 1000.000000 840.942909 11
235 803.419972 906.167485 12
236 859.693730 937.391598 10
237 917.584111 947.149531 1
238 105.809880 319.372372 10
239 826.327784 1000.000000 7
240 905.885250 824.441742 2
241 905.091546 942.138506 12
242 84.706530 194.620618 3
243 890.827770 978.013021 17
244 221.927535 331.601071 20
245 721.066578 838.639468 20
246 344.425424 0.000000 17
247 51.097836 20.809050 5
248 869.861783 884.596891 5
249 887.378470 840.817650 8
250 713.622249 988.910625 19
251 732.905008 1000.000000 7
252 937.733245 880.188983 14
253 810.674514 886.397211 15
254 873.361379 958.905926 6
255 370.344822 0.000000 19
256 853.587206 981.584441 7
257 882.461564 935.386347 12
258 946.102724 922.404339 9
259 795.279011 776.159690 11
260 112.589067 280.560750 1
261 869.571234 696.951028 20
262 985.403625 56.807047 20
263 886.373330 122.043197 14
264 846.200175 748.959086 20
265 910.051343 903.356652 16
266 157.229105 482.094111 14
267 933.287054 853.944659 18
268 727.507130 1000.000000 8
269 318.178401 0.000000 6
270 826.632986 0.000000 1
271 236.585678 403.171450 14
272 51.631612 410.311243 19
273 278.991301 115.083120 1
274 855.416168 837.391432 16
275 384.836661 0.000000 7
276 166.765279 279.786960 17
277 856.719166 842.914252 15
278 632.479941 545.603745 18
279 702.649439 655.744419 7
280 196.365852 177.628150 1
281 647.242578 667.970053 9
282 91.329922 269.189248 7
283 216.978273 9.324861 6
284 27.735007 232.545342 3
285 937.821835 933.049379 16
286 815.707613 77.727131 10
287 152.993863 148.291808 6
288 214.079852 364.076504 8
289 888.651268 810.786567 5
290 932.385256 768.431622 10
291 737.509492 563.154610 17
292 212.985815 407.549695 4
293 981.115632 852.989981 5
294 0.000000 237.736756 8
295 968.377902 179.800536 13
296 786.840103 969.225258 11
297 89.956404 273.052139 15
298 809.737360 827.422751 17
299 1000.000000 113.944667 2
300 774.318286 691.758940 10
301 902.475927 255.466651 7
302 775.816588 564.481088 11
303 886.181472 199.087804 17
304 193.084155 161.079890 18
305 930.543627 245.650268 3
306 260.743367 63.451120 7
307 896.668399 813.507763 19
308 948.846084 680.644951 9
309 759.283829 830.658715 14
310 757.354763 688.396997 5
311 403.416738 61.728365 2
312 519.055250 893.479884 20
313 709.129034 966.238273 4
314 966.778243 354.759967 4
315 33.672924 229.944458 11
316 916.737865 130.971505 4
317 118.882628 393.398771 1
318 0.000000 288.063686 11
319 914.755074 784.530164 2
320 897.068447 324.742324 3
321 768.550736 890.516134 19
322 1000.000000 954.505337 10
323 962.162421 794.297533 20
324 878.676649 1000.000000 19
325 707.087397 1000.000000 15
326 1000.000000 136.957392 1
327 265.550265 190.958394 4
328 106.291040 75.801153 4
329 771.792099 576.761386 14
330 829.531593 827.569951 3
331 735.190268 622.292187 2
332 695.639606 798.163798 10
333 67.602901 129.404347 11
334 931.106959 979.110038 20
335 670.810572 1000.000000 8
336 929.678235 765.932803 6
337 963.176584 102.329150 18
338 843.077113 1000.000000 7
339 160.245332 164.988114 13
340 146.897881 331.673109 18
341 141.308326 229.246355 5
342 322.216585 0.000000 20
343 351.227565 0.000000 10
344 919.718920 757.177969 15
345 294.852893 0.000000 1
346 740.225102 823.983555 4
347 741.491607 894.380178 15
348 302.844161 102.229579 19
349 717.784854 853.631685 17
350 667.164697 687.170084 10
351 34.751198 236.335006 10
352 677.315875 636.013113 12
353 816.175462 560.908326 20
354 296.656476 389.429625 4
355 814.984907 711.719004 18
356 965.634002 916.109390 14
357 938.599677 825.775394 13
358 850.040372 1000.000000 3
359 367.038526 0.000000 1
360 807.611227 573.122160 20
361 813.892630 633.585273 7
362 778.148778 782.733899 8
363 799.413868 889.559998 15
364 737.807236 870.028635 6
365 868.664752 917.182661 10
366 267.754984 0.000000 16
367 952.472094 57.209960 1
368 336.755173 166.342512 19
369 825.880952 621.655719 11
370 694.344419 1000.000000 9
371 295.863985 198.128706 10
372 970.307692 806.255040 16
373 474.454679 11.037339 4
374 872.155100 731.592447 6
375 55.109710 0.000000 10
376 332.812757 232.798516 19
377 1000.000000 772.160739 6
378 150.533085 152.222448 4
379 775.299758 975.338401 17
380 752.243967 814.824835 2
381 125.551455 177.620480 6
382 238.240841 279.183527 3
383 707.522611 611.312705 3
384 808.054713 672.659345 17
385 64.783760 145.061097 2
386 109.351243 160.826345 18
387 187.009547 196.924589 12
388 840.104018 553.709612 15
389 1000.000000 132.927678 5
390 365.655540 0.000000 20
391 685.825465 478.657854 3
392 744.655275 437.219015 11
393 73.601313 232.580090 6
394 765.724650 1000.000000 5
395 903.309043 838.393252 3
396 816.841229 949.848598 9
397 980.600620 957.068064 12
398 736.467750 989.222511 5
399 823.934705 1000.000000 15
400 811.305333 137.231047 18
401 258.782966 25.046056 14
402 780.813487 1000.000000 12
403 794.908839 918.776201 6
404 223.867656 279.143508 7
405 815.735041 853.510085 9
406 81.085703 236.233309 5
407 331.310591 206.326105 3
408 149.538502 144.025506 13
409 197.941970 0.000000 11
410 95.404185 167.884277 2
411 123.122649 342.155171 6
412 794.513858 981.726265 1
413 216.266196 416.716060 17
414 978.838856 207.745388 19
415 736.594542 805.264812 2
416 963.612726 873.342632 16
417 13.691976 162.080028 1
418 322.952540 7.564466 18
419 753.263664 979.410290 3
420 263.329093 0.000000 16
421 214.321721 239.505960 11
422 718.207121 988.525142 7
423 781.109291 748.673078 18
424 639.891389 434.482807 9
425 301.682676 412.607083 13
426 969.444538 843.064056 15
427 985.414059 300.979973 20
428 713.783454 576.436739 16
429 825.840320 788.545100 19
430 241.557601 231.459890 12
431 823.678257 863.886712 13
432 291.297770 0.000000 11
433 776.125870 267.877457 20
434 927.591635 777.506647 14
435 119.394741 270.627223 18
436 273.119508 0.000000 19
437 238.226556 346.233838 16
438 930.214513 736.180703 12
439 262.438635 177.620357 18
440 269.200032 72.042191 4
441 881.715717 768.933412 19
442 280.665492 0.000000 11
443 686.776087 990.063036 19
444 265.195583 43.047903 8
445 266.689305 177.630456 19
446 345.004500 129.331380 17
447 745.687456 636.644633 20
448 999.922125 845.160081 15
449 235.780324 405.604879 3
450 905.367164 115.917218 16
451 864.057901 821.717363 5
452 809.471635 999.246764 16
453 861.654056 142.662476 19
454 211.800811 255.490352 19
455 767.505325 490.243970 2
456 885.246127 169.392376 3
457 981.668951 327.601518 17
458 850.632801 829.104403 18
459 689.843827 967.410941 7
460 248.521562 222.531444 4
461 318.082485 0.000000 14
462 960.848189 163.510984 4
463 117.988249 253.019894 19
464 859.393310 1000.000000 19
465 247.303006 258.560983 6
466 340.753476 348.029249 17
467 882.734295 862.917492 20
468 112.724257 80.836185 2
469 159.501329 288.089494 4
470 782.543697 579.751401 1
471 787.807273 143.567125 7
472 854.513478 942.314114 1
473 199.006340 283.813656 12
474 200.113125 419.666264 15
475 225.016898 354.873184 5
476 916.021661 808.413329 10
477 360.306233 29.255059 16
478 166.710667 323.781732 16
479 805.696095 787.527673 15
480 907.019099 198.272077 19
481 852.165856 1000.000000 9
482 865.070109 750.794479 12
483 787.930451 577.801270 4
484 907.508276 957.122086 9
485 894.436619 819.991273 16
486 310.218619 0.000000 3
487 862.472849 654.149350 15
488 952.657502 98.996238 11
489 936.117559 109.578368 13
490 901.719998 60.383751 9
491 101.140939 244.425077 3
492 425.224296 58.424057 13
493 1000.000000 964.016394 8
494 952.475684 820.847768 8
495 848.799689 572.259088 18
496 302.759835 0.000000 8
497 775.890673 645.825487 6
498 615.542798 680.150568 14
499 790.570783 692.461472 12
500 373.804206 0.000000 13
501 752.986007 1000.000000 5
502 955.815155 718.617839 18
503 814.292594 894.210110 14
504 148.330911 0.000000 10
505 679.339816 978.210909 14
506 340.144244 0.000000 17
507 64.127302 450.841237 6
508 194.411843 331.079468 3
509 102.114666 26.395329 19
510 658.546132 718.373758 2
511 887.029195 869.128286 15
512 1000.000000 788.010397 19
513 903.434011 79.446714 20
514 836.447795 601.304275 19
515 945.869399 118.950686 12
516 870.027640 741.428773 6
517 1000.000000 769.846889 15
518 748.661977 506.841396 13
519 819.136770 764.629176 11
520 950.477301 178.679262 2
521 675.850593 578.909091 18
522 806.174047 480.974900 16
523 642.895338 619.319884 7
524 192.292119 191.499665 5
525 807.107451 1000.000000 2
526 990.391564 748.285873 12
527 854.895482 815.833179 11
528 944.574940 799.205777 15
529 919.603695 893.281832 12
530 603.610526 618.612175 11
531 909.768123 348.001552 19
532 952.864026 789.195349 1
533 846.599552 692.608933 9
534 716.338802 960.689071 5
535 72.703456 78.658188 5
536 915.079415 187.608266 1
537 833.177756 596.797066 1
538 873.781865 871.142422 12
539 156.059261 360.598610 15
540 687.073771 673.324739 19
541 763.551087 628.451171 12
542 319.606343 338.093246 7
543 120.251018 200.963574 9
544 167.294417 114.593109 20
545 839.767972 780.166856 2
546 610.664589 597.725771 18
547 286.016439 99.752421 2
548 924.748741 142.809856 18
549 927.967618 689.666843 8
550 792.294605 249.150265 2
551 209.406846 107.155200 9
552 253.902433 0.000000 15
553 782.360261 787.034669 19
554 890.849258 155.895333 10
555 645.145070 607.691256 7
556 774.896871 1000.000000 11
557 259.555062 0.000000 1
558 899.820323 991.400631 6
559 855.370274 613.193234 16
560 189.169601 0.000000 12
561 469.032273 520.097649 13
562 902.583650 920.020712 12
563 643.334281 938.744799 18
564 737.072528 835.420584 20
565 113.957764 132.392268 2
566 786.217694 896.487111 13
567 100.411765 235.217886 17
568 830.400255 823.790240 18
569 860.694619 836.778282 10
570 880.993431 805.507991 19
571 752.246483 1000.000000 12
572 999.466606 804.633219 9
573 836.394232 0.000000 19
574 830.276412 706.634307 14
575 948.901480 747.521001 14
576 890.021838 238.161236 20
577 739.744165 1000.000000 13
578 309.004370 231.455269 1
579 194.426562 382.689356 5
580 183.957626 380.263008 3
581 136.828293 168.604030 17
582 788.812803 565.201781 1
583 931.558599 881.143598 4
584 782.902355 528.018200 5
585 725.491546 1000.000000 2
586 705.747350 1000.000000 11
587 207.268911 93.036715 14
588 333.278488 9.048838 2
589 639.590108 684.929681 6
590 855.348684 961.802573 16
591 303.185263 50.439913 4
592 146.221825 178.248260 2
593 781.762406 607.602884 3
594 935.928221 649.467596 6
595 769.796570 1000.000000 19
596 656.493675 850.693356 3
597 271.513127 397.874287 20
598 860.936350 813.961194 18
599 163.211843 259.830546 6
600 988.899167 983.645737 10
601 874.745290 874.965514 3
602 687.500920 906.766500 17
603 143.794331 114.749133 17
604 959.990372 1000.000000 6
605 667.612595 651.340066 4
606 841.722647 860.158530 13
607 786.673347 601.856793 9
608 273.321675 0.000000 14
609 798.200492 963.191388 17
610 77.390712 282.546176 8
611 322.360624 44.512872 10
612 619.632408 1000.000000 7
613 280.112944 392.795375 16
614 1000.000000 896.147380 19
615 744.842175 514.408713 17
616 286.738399 264.764602 3
617 914.325337 177.194641 2
618 293.858336 103.866038 3
619 838.744516 812.220369 20
620 707.064496 1000.000000 9
621 956.328200 931.056678 11
622 928.471252 910.977401 1
623 0.000000 181.647008 10
624 303.209807 0.000000 14
625 966.694756 889.667068 11
626 195.561235 116.172903 7
627 920.941146 224.669284 2
628 166.107267 0.000000 2
629 772.351770 1000.000000 12
630 422.707943 91.455822 4
631 272.260963 180.455945 17
632 984.413461 202.019795 14
633 184.052559 135.783304 8
634 231.340363 130.929753 20
635 201.456413 264.339526 4
636 894.661519 128.005365 15
637 851.374769 816.636656 9
638 768.718283 654.670526 17
639 743.997931 556.653625 16
640 0.000000 170.966284 10
641 1000.000000 902.887157 8
642 718.839494 833.561027 9
643 169.595009 215.048193 3
644 335.903083 144.516832 12
645 836.365626 808.610327 10
646 84.558313 126.962827 6
647 964.953454 91.735454 20
648 923.763627 793.368805 9
649 757.469840 1000.000000 1
650 782.489945 878.812551 5
651 800.600140 865.914221 14
652 972.206377 854.840247 7
653 821.616268 634.629212 19
654 5.087353 275.605913 4
655 179.639704 99.691215 15
656 891.349805 994.714074 8
657 952.043776 710.815169 10
658 285.280198 222.151594 7
659 266.010067 42.745782 13
660 975.388880 135.057648 13
661 123.176628 120.534953 12
662 689.021090 728.147286 3
663 555.418497 993.754148 7
664 221.545909 315.456851 4
665 851.315821 687.999126 16
666 137.247246 404.119416 7
667 770.739683 872.661116 14
668 934.262269 276.662825 9
669 158.446021 242.864183 3
670 922.859642 957.237472 16
671 185.790940 346.675060 9
672 849.956951 135.517648 8
673 948.757875 114.511261 18
674 129.089016 252.381933 3
675 833.104463 737.557370 12
676 686.389981 442.283229 12
677 812.923851 1000.000000 1
678 70.956821 219.179015 18
679 77.918842 286.356923 5
680 720.188556 678.633569 6
681 28.711394 267.629799 9
682 775.246076 980.636029 13
683 1000.000000 120.340627 6
684 603.150864 887.022887 4
685 828.929846 212.782762 16
686 675.714191 608.576058 14
687 826.873459 807.573902 6
688 923.173678 933.263630 20
689 246.042097 187.066819 16
690 789.896454 1000.000000 19
691 216.967871 199.568215 12
692 1000.000000 57.313716 5
693 923.123730 785.033123 18
694 973.219669 924.731981 13
695 50.709146 184.369034 9
696 980.988516 716.700034 2
697 993.753252 210.381354 20
698 516.667705 0.000000 6
699 820.923957 493.852700 5
700 125.281123 136.179483 5
701 754.220637 994.466308 2
702 335.639637 0.000000 5
703 114.510721 59.423277 15
704 625.215714 698.199412 1
705 701.667324 466.212650 5
706 854.571429 0.000000 12
707 771.841849 687.939518 3
708 737.012461 935.123141 19
709 901.390819 168.124823 11
710 651.260179 479.244072 1
711 239.454940 135.978966 12
712 927.665468 140.630966 15
713 850.934169 685.229238 10
714 682.917225 1000.000000 2
715 281.965349 210.249599 14
716 898.202776 669.065317 18
717 806.039123 527.110879 18
718 758.257359 725.829141 10
719 725.350685 495.771399 10
720 762.085879 839.014991 9
721 158.616512 271.770553 20
722 887.597674 812.321046 19
723 637.877975 946.023584 20
724 913.366148 898.661022 18
725 353.041192 0.000000 7
726 346.549444 125.814127 7
727 115.804007 242.729954 11
728 977.232418 266.708591 19
729 718.853855 1000.000000 16
730 947.117726 715.886561 3
731 697.813300 572.226737 6
732 280.340621 162.506940 1
733 911.206949 924.589796 8
734 204.316257 17.484000 12
735 0.000000 133.227285 4
736 930.899493 775.150645 18
737 620.520279 508.804006 20
738 110.899601 38.308671 2
739 974.762963 50.555910 20
740 268.718995 277.481398 19
741 718.891686 750.084715 2
742 214.141423 248.020127 15
743 928.335537 753.039354 4
744 257.701845 322.806817 10
745 982.624975 802.922051 5
746 269.184417 266.959218 5
747 981.206931 921.212557 2
748 125.637031 238.399433 19
749 147.059395 128.756982 7
750 308.347441 74.509925 5
751 812.986322 86.584197 19
752 261.280685 25.316121 10
753 843.882573 547.464220 15
754 943.358782 184.252284 3
755 246.435570 307.046308 9
756 799.826079 919.298288 10
757 281.484228 404.199302 2
758 19.584443 100.831652 2
759 738.351023 627.430248 7
760 174.055104 370.542623 5
761 80.213354 208.717775 20
762 871.678833 866.515354 2
763 858.547125 747.812040 19
764 722.133415 544.453807 11
765 836.358737 987.453740 14
766 694.310248 928.669749 16
767 810.669572 809.321952 18
768 642.650869 955.458896 15
769 51.898026 160.670108 7
770 903.697008 796.732551 2
771 660.617329 570.386345 14
772 107.441424 192.007554 16
773 172.742882 310.448056 3
774 855.017754 868.980247 13
775 861.667624 803.074345 4
776 972.758423 872.370170 12
777 896.936211 957.016407 1
778 22.388550 225.203934 13
779 221.956628 271.355983 10
780 785.600038 929.746896 8
781 900.868454 835.173761 5
782 965.148641 936.709154 19
783 633.623856 1000.000000 4
784 809.395429 868.947244 1
785 819.665533 823.681973 10
786 800.777100 732.882056 6
787 870.474371 848.664013 15
788 700.255060 751.777292 8
789 653.499380 497.939345 2
790 58.018522 55.528673 20
791 799.538670 1000.000000 16
792 256.797880 404.728085 20
793 840.182075 956.471227 3
794 193.048028 354.254484 4
795 885.936628 216.302452 8
796 712.581621 999.597269 11
797 289.732050 454.813093 14
798 843.331361 666.011858 18
799 899.275095 11.568558 4
800 480.281809 0.000000 13
801 219.794400 289.915542 10
802 848.938988 612.084842 10
803 715.273095 858.051605 18
804 216.512608 119.852605 11
805 771.045286 736.733023 7
806 882.041574 838.165414 10
807 286.065847 250.006993 3
808 730.264354 664.849337 19
809 929.420311 160.337847 14
810 928.932193 86.651091 10
811 36.122112 167.039727 14
812 0.000000 134.519396 4
813 58.678780 204.259414 16
814 197.798136 339.391263 20
815 911.565877 876.486991 5
816 901.978453 349.111302 6
817 118.872337 0.000000 8
818 942.556755 203.288282 1
819 119.611785 482.561010 10
820 201.162831 370.902342 16
821 29.143334 167.477594 14
822 809.133216 897.288242 11
823 224.871177 261.041680 1
824 742.041069 979.501413 15
825 161.579733 113.861093 18
826 288.200333 18.486412 12
827 384.015364 0.000000 13
828 285.724602 0.000000 9
829 10.271623 266.632879 13
830 908.509219 879.052941 6
831 250.653242 0.000000 4
832 945.825296 281.541230 2
833 258.499045 221.604797 13
834 782.574639 983.012001 1
835 771.275389 960.445379 4
836 894.334205 820.012137 11
837 637.641539 1000.000000 8
838 192.692691 316.609821 12
839 715.955511 1000.000000 19
840 647.892256 880.735000 6
841 765.264955 915.496802 5
842 905.946097 887.435052 11
843 683.765277 577.635740 5
844 780.607267 607.734797 6
845 242.969449 200.229520 14
846 706.178600 959.638612 11
847 963.913607 781.131960 8
848 791.171340 505.740671 18
849 925.007346 891.670057 9
850 178.975467 15.637911 5
851 255.548644 187.125321 16
852 809.925013 977.763761 2
853 902.297990 894.307592 1
854 797.767117 1000.000000 7
855 917.214830 904.823015 10
856 976.211810 272.820255 20
857 808.553258 249.803616 16
858 131.315099 160.884869 9
859 273.456169 0.000000 19
860 645.616817 585.837597 4
861 707.839650 989.836869 2
862 154.087832 230.035809 17
863 939.102198 204.483299 1
864 901.633241 796.059624 1
865 922.667136 259.844855 7
866 811.143854 746.754050 3
867 911.396619 159.890096 10
868 653.759642 445.416992 13
869 714.838854 500.452006 3
870 919.265461 780.707744 18
871 782.196305 1000.000000 12
872 876.789353 100.473610 1
873 141.488471 290.240794 1
874 298.598678 385.190572 17
875 753.877684 1000.000000 3
876 939.157724 982.354995 15
877 957.809370 863.612081 16
878 748.850803 1000.000000 4
879 802.363804 770.720378 3
880 5.454720 268.143545 4
881 365.220717 133.106287 3
882 749.074632 660.156879 3
883 723.297910 1000.000000 7
884 91.397273 196.240268 5
885 809.348142 1000.000000 5
886 43.940766 188.372521 1
887 1000.000000 767.191870 3
888 667.413376 1000.000000 1
889 763.838307 657.574285 12
890 339.756886 50.538381 11
891 39.847788 224.072741 15
892 140.945823 0.000000 18
893 832.301878 537.578869 9
894 953.360891 776.987857 4
895 948.048915 756.913048 11
896 842.400141 838.352411 2
897 609.974823 491.515020 8
898 817.124796 894.053343 15
899 778.014882 870.774116 2
900 944.581209 172.762088 2
901 865.946244 835.462369 4
902 635.680218 985.891564 7
903 88.916596 175.761499 15
904 932.028056 794.611954 20
905 727.739212 559.591614 12
906 263.978666 173.285500 19
907 1000.000000 833.936406 19
908 705.917050 587.138419 3
909 912.775656 688.810687 3
910 910.624545 147.215826 9
911 81.119703 141.761416 12
912 813.344385 672.653950 1
913 95.615682 120.237734 4
914 306.432791 0.000000 7
915 737.679456 640.261406 2
916 247.628200 0.000000 20
917 69.024489 260.873647 14
918 196.918055 426.273951 16
919 792.093363 942.905399 15
920 290.696950 151.793182 2
921 197.536715 293.071904 14
922 885.580378 923.682417 6
923 748.300158 1000.000000 16
924 922.324025 835.230227 4
925 758.535461 594.307858 11
926 857.389669 55.008291 3
927 294.699237 0.000000 5
928 621.266273 1000.000000 4
EOF
