# seed=7003
# generator_version=0.1.0
NAME : mock_small_moderate
CUSTOMERS : 320
DEPOTS : 14
VEHICLE_CAPACITY : 50
ROUTE_FIXED_COST : 22.00
DISTANCE_FORMAT : COORDS
DEPOT_SECTION
1 218.001572 182.880921 1321.38 440 8
2 387.572216 218.640842 577.27 238 5
3 594.826549 201.256771 787.38 422 8
4 818.964952 209.810213 1380.72 502 10
5 207.840418 405.966288 1110.28 446 9
6 417.733449 404.788423 1039.75 254 5
7 619.208635 406.758888 1093.74 155 3
8 812.194141 414.459273 584.68 270 5
9 216.658294 596.128339 722.60 331 6
10 417.651773 590.163368 1498.77 166 3
11 592.348773 612.439857 659.12 241 5
12 816.485575 582.491463 796.03 631 12
13 211.910277 816.655377 1246.84 538 10
14 410.667561 808.061226 633.61 414 8
CUSTOMER_SECTION
15 513.299799 156.350920 11
16 633.883091 10.233864 12
17 968.506598 681.176250 3
18 267.708419 865.466645 6
19 59.321669 434.949975 12
20 449.315622 422.132825 19
21 155.992970 761.050196 1
22 845.213121 70.473376 20
23 56.967447 307.684994 19
24 860.025542 963.936833 17
25 501.977529 758.903305 4
26 685.892686 172.545350 6
27 139.950560 704.963045 10
28 443.053982 505.008797 4
29 825.459733 322.623136 10
30 486.554284 445.491384 4
31 61.880751 411.717565 6
32 417.449290 779.709315 13
33 411.786785 110.253833 3
34 803.183825 822.403903 2
35 351.369606 658.670046 18
36 203.298579 324.411022 8
37 687.922135 546.514503 13
38 15.870880 81.592334 2
39 437.981495 353.590309 3
40 926.667424 543.158993 17
41 203.787068 674.381213 6
42 913.285855 192.620951 9
43 236.101671 38.797600 8
44 487.960842 58.855932 10
45 145.311159 810.742149 15
46 445.656126 118.660655 7
47 905.137676 855.717839 7
48 672.553916 527.253161 13
49 99.000387 884.969303 5
50 955.755761 109.579081 19
51 718.442494 808.919263 14
52 607.872366 210.936995 1
53 458.363877 670.763257 16
54 871.800319 150.238341 13
55 840.911320 950.674996 15
56 826.105596 4.218261 17
57 941.994276 747.747362 16
58 317.250319 439.699826 14
59 732.228766 509.494839 12
60 93.102527 262.141568 16
61 523.944141 264.176875 11
62 163.383955 157.414914 20
63 254.048997 985.150454 4
64 843.252806 274.952763 18
65 624.697439 667.603412 5
66 185.508321 296.887197 16
67 642.349586 25.448370 10
68 419.259575 978.878369 1
69 172.025416 343.278866 5
70 910.798384 760.864171 10
71 196.691392 761.399435 18
72 296.702967 712.614942 1
73 930.787004 351.844251 4
74 952.091565 207.067436 1
75 577.169892 474.414074 3
76 570.449174 920.077937 13
77 144.488290 185.031073 14
78 1.841955 940.225343 5
79 51.456948 859.332572 19
80 160.172931 963.013852 15
81 798.184991 7.168365 3
82 129.243373 623.005609 3
83 388.520665 522.176941 5
84 466.635785 76.171512 18
85 117.809690 873.453364 2
86 248.972256 194.877919 3
87 3.144561 580.569971 20
88 224.593966 836.017521 14
89 733.807763 335.883807 19
90 88.123462 373.818274 1
91 932.141620 471.532981 16
92 864.226566 213.555686 17
93 983.123195 975.706244 16
94 327.885827 50.600849 20
95 190.147297 598.803254 9
96 732.805045 162.741877 14
97 688.169122 865.782083 11
98 764.469735 77.167338 10
99 577.514574 7.614894 14
100 106.830119 341.983857 8
101 843.401055 386.386455 14
102 927.163607 362.657039 7
103 630.594994 732.123455 7
104 295.343531 409.134430 17
105 724.160941 346.120654 11
106 624.112561 279.851592 20
107 287.710695 37.204753 9
108 997.526884 151.295657 13
109 932.796200 783.516036 4
110 200.744449 240.090148 16
111 741.767350 264.246756 5
112 783.678415 364.947486 16
113 773.357787 523.815760 13
114 231.465151 795.898171 16
115 599.410188 650.999225 11
116 623.782547 74.539338 12
117 7.487508 835.867704 10
118 295.871479 565.373945 2
119 314.150229 456.791573 6
120 500.924175 894.681093 16
121 3.289690 255.838001 5
122 965.089523 729.032114 16
123 943.949300 244.084142 1
124 674.632726 217.274657 7
125 416.523571 797.568785 2
126 845.348797 595.875349 3
127 181.942900 891.891637 15
128 223.108556 149.782412 1
129 639.892532 828.305623 3
130 197.459347 860.828741 7
131 287.517422 439.091485 6
132 803.107861 941.327707 12
133 935.293906 499.716362 4
134 750.777451 358.851850 3
135 555.496898 330.326896 7
136 499.034128 52.935544 15
137 580.937173 187.919932 17
138 195.323919 835.202389 18
139 216.769170 301.959041 13
140 783.508795 238.612554 6
141 677.080123 391.119981 9
142 396.867132 791.284193 18
143 778.741294 212.000739 6
144 953.406747 261.992098 16
145 511.481007 815.509971 20
146 429.035765 309.256780 9
147 860.355336 361.520472 9
148 221.363238 531.981559 11
149 657.804114 774.961862 7
150 360.592596 439.102287 17
151 170.826317 120.077903 6
152 34.319045 137.989201 18
153 317.771066 702.254398 11
154 763.593381 859.248275 5
155 387.957372 581.215597 7
156 846.041544 238.846585 17
157 427.883994 58.985530 10
158 974.858586 929.005512 8
159 687.554040 942.045251 19
160 159.669036 934.873958 5
161 744.972591 271.864278 19
162 16.530945 643.370011 18
163 441.790256 255.082521 8
164 121.857907 481.785772 19
165 241.185135 356.265964 10
166 619.634491 759.200301 16
167 574.079099 764.770488 16
168 328.123323 428.424544 3
169 362.458597 249.127054 5
170 998.311469 155.173007 2
171 621.151738 292.397436 19
172 704.191316 515.598199 9
173 786.648753 817.872152 1
174 261.858002 747.661444 20
175 280.202854 365.525735 20
176 481.078786 964.536664 6
177 605.524793 411.565583 7
178 241.565866 985.823664 20
179 7.597735 615.587999 16
180 102.448921 969.626195 19
181 756.676423 504.655604 1
182 170.546679 409.603874 6
183 143.171358 239.926341 20
184 974.311349 475.541225 15
185 294.184219 596.732663 10
186 841.488517 17.728153 1
187 83.055600 536.389663 10
188 661.441270 104.276870 7
189 673.501272 539.069999 12
190 596.427907 155.401603 8
191 746.404754 51.554657 4
192 760.374481 693.737013 13
193 799.669030 866.941880 9
194 140.018418 838.120938 2
195 653.404082 75.438371 18
196 252.101575 540.339956 1
197 646.638805 570.908512 3
198 980.801658 293.723196 4
199 442.454088 330.332251 20
200 123.505344 778.417967 13
201 54.759099 268.114412 10
202 46.929247 632.552881 14
203 20.131502 735.052969 14
204 906.925754 817.985162 14
205 331.775132 588.133577 8
206 907.835746 839.870413 19
207 759.056443 414.968630 7
208 468.474291 942.953673 3
209 744.176349 873.604278 18
210 379.647968 275.315012 10
211 430.953716 861.903700 7
212 617.060584 447.094775 3
213 722.219722 665.403405 17
214 980.542569 801.290339 3
215 996.192950 246.751102 18
216 969.749989 285.876904 7
217 734.945783 210.748027 7
218 490.924877 239.834532 15
219 341.590286 112.599361 7
220 76.632085 647.104654 10
221 187.671539 382.804071 12
222 701.949287 999.543835 8
223 777.868445 616.448160 14
224 231.184385 480.517634 12
225 393.025609 220.303748 16
226 183.460182 233.545269 17
227 253.188640 793.108334 16
228 846.479655 318.643712 6
229 246.038673 160.535887 2
230 994.189339 973.492901 18
231 515.428957 487.301997 2
232 347.242938 451.300463 11
233 604.550909 314.987554 13
234 691.141402 450.779386 10
235 42.541012 456.146251 5
236 77.946196 667.961736 8
237 95.317167 454.139210 10
238 930.400737 65.952917 14
239 381.079900 667.164131 17
240 288.283268 342.639068 12
241 98.495228 712.690605 10
242 527.157310 768.447985 6
243 368.701484 876.066509 16
244 723.273186 932.938271 6
245 30.360963 298.182469 10
246 363.841820 31.542839 6
247 642.947121 365.586769 2
248 326.111642 417.585765 13
249 63.431456 484.607088 17
250 447.936251 205.452816 20
251 919.841266 648.215372 4
252 435.434264 889.117356 9
253 196.265112 711.301056 15
254 272.002856 273.243986 10
255 680.730762 835.136782 11
256 131.978147 632.789955 7
257 832.100368 186.417011 4
258 433.162245 913.971883 12
259 996.835485 266.650263 16
260 587.648083 237.690569 14
261 404.404424 759.940811 19
262 803.644187 345.465450 2
263 821.742047 205.790784 11
264 423.124675 499.501514 14
265 906.900105 226.459078 8
266 795.620298 31.912213 4
267 620.902052 213.205093 17
268 658.033527 605.088543 13
269 666.715571 19.528124 10
270 396.272669 942.822653 14
271 428.427038 284.913754 7
272 220.015295 290.936849 1
273 793.488409 325.595669 7
274 791.517287 976.424651 4
275 339.779275 99.898067 11
276 37.641085 940.328184 9
277 993.323719 804.045125 6
278 703.912422 947.564549 3
279 676.766575 170.792554 19
280 290.163455 663.859923 16
281 435.982403 712.041668 7
282 569.468794 22.473334 20
283 446.280258 958.992611 20
284 821.947275 990.131246 3
285 252.589768 676.281411 3
286 189.668859 243.960841 6
287 255.638513 229.916172 19
288 204.769154 814.524103 2
289 276.130599 736.551951 2
290 286.362359 448.646926 15
291 918.785479 968.521543 10
292 271.519498 183.312151 20
293 851.379834 671.625683 7
294 175.245597 892.685488 4
295 106.295513 590.958058 6
296 788.162388 491.972121 12
297 375.334988 404.849901 16
298 459.009384 451.116635 4
299 679.412911 439.123483 13
300 248.139533 560.350452 10
301 90.167233 39.177715 14
302 178.710146 356.234574 11
303 400.752461 110.225088 14
304 985.597583 984.751132 9
305 600.022937 402.711908 3
306 974.989557 423.824613 20
307 219.537991 655.406927 10
308 172.066729 213.538249 7
309 771.625136 893.661860 13
310 481.869508 335.064478 6
311 26.636062 574.702971 8
312 50.377834 31.085065 18
313 753.028145 640.187174 9
314 30.339820 184.404777 4
315 417.070071 451.022357 20
316 884.394876 837.782025 5
317 640.308152 403.330201 19
318 854.964429 911.120852 7
319 10.554405 10.126884 4
320 30.408951 438.185418 20
321 576.585906 333.453556 6
322 777.720876 926.448688 8
323 400.161190 570.437271 20
324 968.227673 900.199692 15
325 290.396448 691.818536 15
326 610.661407 339.432269 7
327 90.797013 420.623530 4
328 483.375242 788.569828 20
329 797.857369 99.018193 7
330 622.604120 729.950304 4
331 228.544643 624.714256 4
332 151.709930 545.707544 1
333 228.138910 804.734975 12
334 285.322540 731.305872 11
EOF
